4 2 3 7 8
5 1 2 4 8 12
5 1 5 7 9 12
5 10 11 12 13 21
5 1 2 4 12 8
6 46 25 73 71 30 78
3 4 336 34 
12 218 537 196 701 950 275 445 109 699 565 42 166 
25 686 765 828 960 220 427 953 840 924 811 452 605 662 600 550 721 114 407 122 672 475 492 565 345 869 
10 180 424 695 164 539 646 624 4 788 269 
15 387 377 582 604 280 171 806 295 334 409 241 414 55 495 984 
3 410 70 74 
9 975 356 405 198 198 212 250 759 890 
27 736 462 532 36 131 459 484 597 254 115 702 650 887 876 43 554 511 621 772 254 218 236 336 567 133 615 32 
28 213 809 630 716 733 552 572 168 333 870 825 615 954 992 983 738 510 296 719 286 640 493 176 560 384 775 389 651 
6 145 337 919 655 649 710 
20 662 721 998 422 563 377 984 15 943 453 238 547 495 627 708 584 790 433 4 836 
22 987 458 353 940 645 565 699 224 310 899 73 958 613 82 848 728 675 926 494 286 681 310 
12 756 978 921 245 411 914 420 339 886 146 146 323 
7 625 950 270 101 980 246 217 
5 528 878 906 266 615 
27 656 84 517 823 848 739 615 548 975 983 65 367 730 98 682 339 116 380 253 505 21 997 2 83 248 543 423 
8 460 147 205 416 9 465 456 182 
6 421 959 60 384 20 670 
18 78 86 179 204 196 267 353 27 746 155 875 21 228 858 911 725 782 871 
19 299 971 590 650 574 662 311 588 210 991 65 171 538 857 117 381 189 932 490 
13 92 647 350 256 953 129 590 262 790 550 471 145 631 
26 651 907 965 384 449 236 31 218 693 665 557 947 989 185 23 598 758 546 59 330 886 957 54 828 328 400 
18 847 510 292 782 911 872 692 104 595 406 794 839 396 511 905 695 636 30 
20 717 376 809 569 66 810 601 946 781 106 696 908 92 163 81 681 404 252 508 127 
17 10 284 308 230 760 154 303 804 616 101 973 562 354 413 922 35 505 
26 349 869 654 346 24 31 395 812 102 428 927 844 987 530 754 716 982 83 453 294 923 516 987 594 535 131 
17 372 710 667 242 570 445 337 67 962 642 930 844 859 499 68 882 197 
22 220 355 868 173 555 524 628 489 242 255 429 854 279 790 519 696 446 253 153 673 486 846 
10 312 94 220 910 973 820 971 916 375 466 
23 435 399 87 927 889 378 178 330 62 611 141 955 718 296 636 176 574 626 895 400 987 242 608
2 15 25
