666
84 87 14
48 46
4 51
5 61
62 83
57 16
17 20
26 28
1 44
47 48
6 34
72 20
15 87
84 78
26 86
75 28 13
59 4
31 17
74 22
30 22
63 18
35 18
32 3
44 16
19 9
24 19
10 24
71 28
41 16
97 88 16
66 60
68 15
89 72
58 40
32 88
2 22
51 67
69 52
48 32
2 1
72 10
16 31
77 35
51 74
33 88
28 2
31 14 3
18 9
19 7
2 2
46 27 28
10 20
45 12
44 27
18 12
6 24
14 2
15 10
12 11
32 1
29 14
32 12
21 11
39 21
36 1
20 23
3 22
32 14
41 7
18 5
16 13
17 12
37 25
22 3
18 21
18 22
1 2
13 19
43 20
29 88 8
7 26
9 18
5 52
21 70
26 46
18 77
18 34
22 7
89 63 8
2 41
80 10
21 58
68 48
55 8
87 25
53 34
10 7
37 3 15
4 3
37 2
9 1
36 1
34 2
11 1
14 1
17 1
14 2
21 2
2 2
3 3
13 3
21 1
28 3
91 79 20
82 36
88 32
31 18
76 64
14 37
10 4
69 2
64 58
42 15
62 6
30 34
81 50
75 22
22 44
54 50
18 65
64 67
25 14
22 35
75 21
35 4 28
35 1
2 2
11 1
1 3
21 3
14 3
20 2
28 2
3 1
21 2
25 4
27 4
18 1
35 4
4 2
24 3
28 4
22 3
5 1
14 1
34 4
17 4
26 3
31 2
7 4
27 2
13 3
34 2
74 19 8
12 6
53 19
1 14
3 13
17 12
58 9
10 1
15 15
83 10 21
14 8
38 3
22 10
73 7
20 2
57 2
23 8
81 2
38 6
49 5
30 8
55 2
57 7
71 6
28 10
77 10
60 6
44 5
1 4
47 7
2 4
80 17 20
80 10
53 8
47 9
9 6
57 7
64 10
35 1
37 1
30 5
19 4
28 7
45 1
61 4
66 17
15 8
26 3
66 16
23 16
44 12
13 12
9 28 25
7 25
3 5
8 18
6 21
4 19
9 28
3 20
3 8
5 22
8 19
9 6
1 15
2 21
6 3
6 8
3 9
9 15
2 13
9 3
8 10
7 10
2 16
3 14
5 16
1 8
78 94 12
3 68
39 15
7 69
34 25
52 76
50 47
15 76
25 26
77 28
59 78
23 86
43 88
25 56 14
17 50
4 3
21 10
11 38
13 50
17 43
13 3
2 54
7 45
15 27
6 2
11 12
13 9
2 46
16 95 9
4 14
12 72
8 8
16 81
14 78
13 71
4 35
6 4
10 78
5 96 29
3 41
3 76
4 36
1 36
1 63
2 27
4 44
3 66
5 66
5 29
4 56
3 40
2 81
4 70
5 36
4 91
2 42
4 52
3 22
2 94
1 30
4 61
5 9
4 20
5 30
4 40
1 81
3 15
4 73
14 28 13
10 17
5 21
3 26
4 14
10 1
14 10
3 22
2 4
1 19
9 10
7 13
7 23
11 5
52 54 29
17 36
3 6
10 35
45 37
18 33
16 53
5 14
19 5
45 5
39 11
12 8
35 36
4 37
10 52
28 13
31 13
32 43
14 39
1 24
28 42
26 25
9 20
16 51
14 22
33 45
22 14
4 4
16 14
24 49
83 16 30
17 16
14 14
46 12
15 2
71 4
43 13
64 12
13 2
56 12
40 6
74 14
78 1
16 12
35 13
17 8
66 3
25 11
25 15
4 10
28 8
53 14
7 4
72 12
64 2
18 14
79 13
59 4
29 3
75 5
76 5
40 27 2
18 6
15 7
6 32 21
5 12
6 17
5 21
2 3
5 13
5 27
4 12
2 14
2 29
3 28
3 10
3 20
4 13
3 32
1 22
5 7
2 10
1 1
6 16
4 28
2 2
39 39 17
39 17
37 23
16 37
19 8
6 13
20 10
26 15
36 37
29 17
21 33
35 8
9 13
18 26
33 8
12 8
27 11
13 13
37 54 20
2 3
9 27
25 3
9 9
18 14
1 43
4 28
1 54
35 7
30 21
4 49
22 25
6 2
15 30
11 40
25 39
21 6
12 4
9 12
28 33
29 51 16
28 10
23 20
21 6
10 14
2 5
12 43
20 33
27 23
23 34
24 47
9 32
28 11
15 2
29 47
25 51
2 21
93 19 10
26 15
65 8
62 14
80 17
49 9
3 4
24 11
48 19
39 13
86 19
3 12 5
1 5
1 12
1 10
2 7
2 8
38 42 25
3 11
18 38
10 1
9 23
20 32
34 7
35 20
16 17
19 26
29 37
5 26
8 7
9 20
6 5
19 5
11 21
17 6
5 21
18 19
1 7
13 7
16 31
36 23
5 18
15 37
21 39 18
11 27
17 35
9 37
3 38
3 15
5 22
15 29
12 36
2 29
16 18
7 7
6 15
4 24
10 28
13 28
15 15
7 27
7 9
97 17 11
77 1
37 5
84 14
37 15
23 9
5 1
43 7
26 2
68 12
45 3
74 14
31 42 9
18 32
20 6
24 38
15 2
22 39
9 7
15 29
20 29
1 22
86 57 23
27 3
67 36
28 18
55 32
21 51
31 22
36 52
86 38
32 13
76 32
5 35
12 55
71 28
40 17
8 31
24 6
27 9
37 54
8 26
19 20
3 20
52 25
63 21
4 30 7
1 13
3 19
3 20
3 9
1 16
4 25
2 17
52 31 13
49 24
16 21
42 14
48 19
52 20
52 30
41 10
8 1
9 6
2 2
21 1
44 23
43 18
81 9 28
11 6
6 9
63 9
52 6
78 7
45 6
58 2
56 4
8 1
22 9
30 9
27 4
16 2
4 6
70 9
46 8
75 7
42 3
51 1
41 5
58 9
58 5
21 2
12 4
18 5
28 8
44 7
52 9
84 88 21
8 48
20 14
43 3
63 2
73 81
58 2
69 80
51 71
45 61
70 45
68 75
79 84
49 19
50 66
6 13
78 17
76 26
35 87
16 25
76 57
13 9
14 70 29
10 64
1 28
6 48
9 66
14 69
1 32
7 2
14 18
5 23
10 65
10 48
14 42
2 5
1 67
3 39
3 57
8 8
6 43
13 27
7 58
5 14
1 30
1 33
10 22
14 31
11 39
1 68
1 1
7 45
79 1 24
40 1
64 1
75 1
14 1
8 1
78 1
20 1
17 1
38 1
34 1
15 1
63 1
74 1
76 1
66 1
9 1
21 1
4 1
56 1
52 1
54 1
46 1
22 1
55 1
94 10 19
65 9
9 4
33 3
73 2
92 5
55 9
34 7
90 6
85 7
30 7
9 6
54 6
21 5
31 2
46 6
21 8
77 3
29 3
1 4
66 6 18
60 4
43 4
6 2
36 2
48 2
65 5
47 2
49 5
15 2
45 6
64 6
10 4
19 6
24 6
16 1
33 3
11 1
11 2
61 76 25
2 22
61 14
60 65
31 19
34 17
2 56
57 36
25 16
45 3
4 39
18 24
48 67
28 56
21 49
23 56
37 11
41 20
30 23
12 29
5 56
33 37
31 17
6 37
37 22
5 68
84 41 3
5 17
21 17
83 21
79 94 22
44 15
22 84
41 5
73 3
39 74
72 70
25 74
56 7
25 16
50 35
34 28
21 24
67 26
71 59
8 10
20 62
6 1
5 68
6 78
3 64
44 44
32 69
25 16 5
7 1
13 14
11 8
16 2
24 13
28 67 8
27 50
15 6
11 23
17 24
14 66
25 40
11 15
11 6
48 49 8
37 29
33 8
30 30
20 43
42 46
25 9
13 32
5 18
69 3 16
2 3
51 2
52 1
27 1
7 1
50 3
55 3
45 1
53 1
10 3
66 2
14 2
50 1
8 3
44 1
18 1
82 49 12
23 36
55 7
11 22
62 9
32 18
33 21
32 31
17 6
25 6
48 43
4 29
72 28
78 84 27
21 37
33 26
9 58
56 54
6 22
61 38
16 18
19 72
36 5
70 18
12 66
51 14
64 80
57 71
52 65
23 36
51 47
5 48
26 66
23 7
73 5
43 10
38 17
55 67
43 76
66 48
40 2
14 97 2
12 60
5 40
9 86 27
8 34
2 4
1 20
8 59
9 76
3 27
1 11
8 9
8 31
5 72
5 43
1 12
3 72
3 14
2 9
8 38
3 41
6 26
7 12
8 29
7 64
9 51
5 37
4 23
9 67
9 81
6 13
42 21 28
13 17
23 15
28 2
14 2
14 6
12 21
17 20
24 9
4 12
22 8
27 20
10 9
1 9
40 17
40 18
30 9
32 10
21 18
9 12
38 1
17 5
1 12
3 1
21 6
10 19
11 16
18 21
1 16
81 80 21
60 16
38 66
18 52
63 60
64 27
55 32
69 46
72 6
81 49
27 10
29 53
74 39
52 38
66 74
16 75
5 34
80 1
37 20
11 47
28 10
74 36
33 22 23
19 13
24 16
29 20
32 4
11 8
24 15
19 19
28 21
7 3
28 8
33 19
32 14
2 9
23 10
30 12
16 4
33 6
28 17
12 3
18 12
8 17
24 4
11 7
92 62 18
9 58
9 52
17 60
61 31
72 40
37 3
8 12
92 23
50 52
90 14
2 59
46 54
76 39
3 54
73 16
91 55
83 37
54 23
31 31 13
13 19
29 16
14 9
19 6
26 7
2 6
5 27
23 25
3 31
31 23
10 16
13 2
24 18
51 43 18
35 17
46 11
3 1
44 35
10 43
29 11
42 27
14 17
16 14
24 38
40 5
6 12
16 30
42 2
11 40
45 9
5 35
44 41
5 48 6
3 31
3 23
2 31
3 47
2 34
1 42
62 48 16
52 27
18 21
36 10
42 33
60 1
20 31
5 27
54 41
9 34
15 42
36 7
32 5
50 7
23 29
34 42
21 3
46 15 16
45 7
19 4
32 3
40 3
12 4
41 11
39 6
14 8
10 12
29 9
42 13
3 2
9 4
12 3
27 4
17 15
92 63 25
8 21
37 42
23 12
70 6
78 25
26 41
73 15
81 61
35 21
59 55
12 41
84 18
38 29
64 31
53 30
59 52
12 58
88 21
42 19
47 19
76 2
40 16
26 49
67 52
72 10
8 27 29
7 10
7 26
8 19
3 18
4 3
5 3
2 15
4 13
5 23
6 4
2 24
2 17
8 6
1 16
4 19
6 17
7 7
1 8
1 1
7 14
5 8
6 23
6 27
7 13
7 23
5 24
2 4
8 23
5 18
29 58 9
26 53
16 40
7 37
25 24
4 25
6 48
13 52
18 27
21 14
61 62 15
12 4
33 6
9 21
34 62
14 35
61 27
12 18
2 19
61 5
53 60
2 45
27 61
39 27
38 13
46 2
27 64 11
26 57
27 55
26 29
6 21
8 52
14 57
27 36
16 16
22 7
16 53
20 49
12 73 18
8 26
9 4
5 19
6 11
10 42
2 41
3 23
7 45
3 11
10 25
8 2
10 3
9 21
10 68
1 51
11 9
12 11
9 22
54 54 28
51 12
29 29
14 33
4 31
23 2
20 42
16 35
39 33
53 46
43 52
27 21
24 8
8 28
5 45
21 30
24 34
41 15
24 16
47 27
8 31
29 28
18 6
8 2
38 22
9 26
19 51
46 4
5 15
68 73 5
60 46
23 36
21 70
35 35
9 18
28 47 7
3 26
14 24
7 4
15 37
21 41
20 23
25 47
69 24 22
14 12
37 22
7 1
56 4
60 20
21 6
29 21
6 19
25 3
41 20
68 15
53 18
31 22
6 13
27 2
53 14
65 21
62 3
67 10
22 3
17 6
24 10
83 95 28
34 37
75 95
32 37
11 26
76 92
19 76
64 30
57 78
52 39
58 65
70 57
39 68
81 64
63 28
53 22
81 33
64 44
56 35
8 11
52 65
48 32
5 53
54 89
44 59
15 49
58 27
7 48
54 17
64 95 19
1 38
39 49
55 58
39 32
6 87
25 6
1 25
37 47
44 35
2 46
4 31
62 86
14 17
23 50
9 3
31 42
27 9
15 36
44 69
29 42 5
15 11
20 24
7 7
19 21
16 11
44 1 4
41 1
19 1
29 1
43 1
8 77 22
2 22
8 32
6 20
2 62
5 35
8 9
5 8
5 50
4 49
8 35
4 58
4 23
6 27
1 22
1 2
1 42
3 39
1 65
8 66
6 13
6 17
8 67
92 88 19
63 75
28 60
86 21
71 84
87 36
65 71
37 34
11 79
12 22
47 19
1 17
89 8
82 69
51 48
61 74
49 7
36 72
10 10
77 64
21 39 30
5 25
8 16
21 30
7 3
15 13
21 10
16 7
14 14
9 26
21 16
12 34
20 31
12 33
2 2
13 36
10 3
3 9
4 24
14 24
13 7
3 4
19 5
15 9
3 3
8 9
6 33
13 24
20 38
19 30
4 38
40 64 25
24 30
27 36
8 29
39 55
2 57
26 48
14 41
38 3
28 37
6 23
20 9
27 39
10 12
20 62
12 8
34 3
13 45
14 4
25 28
18 50
36 43
33 33
27 38
36 14
11 1
56 22 21
22 9
51 2
40 2
29 19
41 17
35 1
4 2
13 3
55 6
34 2
22 4
52 2
29 6
6 20
37 11
22 19
7 16
44 5
31 16
5 4
54 14
60 13 13
25 5
56 2
40 8
60 10
16 13
6 9
54 13
32 11
17 11
31 5
26 4
59 1
19 5
93 11 5
60 3
69 9
10 7
81 8
73 10
69 18 24
4 11
42 3
58 2
66 4
9 13
33 4
60 7
1 14
49 18
7 15
3 7
39 8
23 3
68 2
50 7
14 14
20 17
37 18
67 3
16 9
26 7
67 13
49 17
60 13
60 1 13
24 1
58 1
14 1
31 1
44 1
3 1
41 1
2 1
16 1
29 1
43 1
25 1
12 1
12 69 3
1 30
3 8
8 41
96 97 21
66 79
31 10
65 86
44 54
42 48
38 21
26 54
76 85
87 74
10 54
28 86
27 65
61 2
12 75
60 28
24 80
8 39
88 58
28 6
52 20
19 34
68 76 30
52 30
12 14
3 42
49 21
16 57
10 55
8 29
58 63
25 43
62 15
62 45
42 64
65 75
39 58
38 46
15 57
23 22
11 66
23 11
62 34
15 11
1 6
8 22
28 36
4 1
66 65
66 31
5 30
61 27
3 59
60 45 7
27 28
45 33
25 36
45 29
26 35
10 30
55 12
3 90 9
2 29
2 33
3 18
2 12
3 44
1 11
2 34
1 65
2 46
49 46 23
45 7
1 38
20 8
46 41
29 6
5 15
40 4
41 36
1 46
23 36
12 19
15 27
33 25
32 29
6 38
12 28
45 24
35 24
36 12
44 25
11 7
36 37
29 10
80 94 1
8 93
14 96 1
14 91
69 52 20
30 11
66 41
45 38
47 35
22 37
27 35
10 16
56 17
36 10
25 50
16 43
50 46
42 24
40 1
44 14
48 40
68 37
49 15
12 2
24 6
14 39 18
2 36
6 33
11 16
13 24
14 29
14 10
4 19
1 20
12 33
9 32
3 1
11 9
3 13
14 31
3 2
7 3
1 13
3 36
2 45 23
1 32
1 22
1 14
1 17
1 1
1 21
2 2
2 1
2 9
2 27
2 17
2 32
2 38
1 18
1 13
2 41
2 43
2 11
2 36
1 11
1 44
2 44
1 9
19 8 3
18 3
11 2
4 2
86 93 20
32 32
25 81
1 22
75 78
45 50
3 73
49 1
28 32
28 59
77 36
5 70
84 2
39 60
26 1
80 90
34 9
32 75
30 28
83 20
82 12
30 31 3
11 5
28 19
6 7
4 68 17
2 23
4 17
4 51
4 33
2 33
2 15
2 41
3 55
2 2
1 23
4 32
3 46
1 45
1 30
4 68
4 62
2 7
82 77 27
71 16
67 53
59 46
65 38
35 5
48 24
26 45
32 48
61 10
35 36
3 30
64 59
82 2
8 56
52 3
19 76
7 61
2 42
5 8
15 38
75 36
70 35
82 42
68 70
26 3
4 58
6 72
82 71 26
77 15
61 65
22 38
67 34
24 27
31 48
66 66
6 61
61 2
46 35
12 56
26 1
32 30
38 34
43 24
28 23
46 64
14 54
33 63
15 32
51 57
69 42
38 7
82 24
18 14
18 9
20 36 10
20 3
7 30
7 21
19 33
12 4
10 32
4 6
12 2
16 2
6 3
71 92 20
32 61
64 22
37 59
45 69
39 35
8 75
10 75
28 89
18 32
22 58
45 11
69 73
51 59
11 84
5 25
51 53
28 38
46 83
24 6
69 5
92 33 13
84 16
11 33
5 14
69 6
58 33
91 7
65 19
71 17
85 17
80 28
77 2
14 16
69 12
21 5 8
3 5
10 1
11 2
2 2
9 4
17 1
5 5
9 5
73 100 27
54 23
18 64
39 59
12 56
45 54
13 23
34 3
35 74
53 19
17 48
7 19
6 18
54 74
50 82
26 61
42 25
2 51
29 90
16 73
30 5
8 9
2 84
36 34
36 99
6 34
63 74
5 83
43 34 16
31 24
43 5
30 22
14 17
7 27
32 22
33 10
15 16
14 7
37 31
37 29
30 34
17 5
26 31
34 19
22 8
48 49 12
32 5
23 14
40 31
29 32
41 41
40 19
22 29
13 32
20 1
6 8
3 10
34 15
69 98 27
27 65
66 91
32 13
68 54
11 7
6 29
51 50
10 24
34 22
49 51
16 63
30 84
53 79
63 72
35 88
38 6
48 82
13 1
15 24
11 96
46 69
22 84
25 68
25 93
29 26
3 17
9 16
70 71 2
66 35
41 64
31 44 6
21 34
13 10
22 11
30 44
20 25
8 28
26 45 4
16 12
8 32
22 16
16 16
35 74 13
25 32
10 42
19 19
3 50
14 66
12 31
34 6
29 26
3 49
34 13
14 37
31 19
3 1
62 86 3
21 86
37 43
17 54
26 91 15
21 76
9 62
5 56
25 72
5 60
24 8
15 31
25 4
6 53
25 23
18 75
12 74
3 59
23 78
17 26
23 21 5
10 2
10 3
9 18
1 5
7 6
33 31 27
11 6
33 30
26 23
3 20
4 26
14 29
3 3
27 9
32 20
13 23
21 5
2 14
4 25
23 29
20 6
18 21
17 26
3 28
11 29
10 16
9 10
19 5
3 9
12 15
10 28
20 3
24 27
40 66 15
32 40
12 13
22 17
4 63
36 17
19 3
29 27
21 31
23 33
3 28
15 65
14 35
24 66
32 52
34 35
94 37 18
29 7
34 15
20 25
1 21
68 2
91 34
37 36
25 20
22 28
80 30
66 13
80 5
37 18
24 34
44 8
13 15
35 34
37 5
67 21 11
17 7
51 12
7 16
26 21
66 20
19 2
52 14
54 7
47 11
45 5
2 11
58 65 28
27 11
52 36
11 12
19 32
8 22
40 14
34 9
31 35
7 21
44 9
24 41
45 22
42 30
38 53
12 1
27 29
8 36
7 38
43 15
10 55
10 16
26 65
31 64
53 28
11 34
43 60
41 35
35 43
26 18 15
23 7
14 13
8 5
1 15
20 3
26 6
2 13
11 11
4 4
23 11
16 15
1 1
5 3
17 16
26 16
86 57 28
13 20
43 22
39 16
29 21
77 35
72 8
8 50
80 30
27 43
56 29
32 38
35 40
31 53
58 29
66 55
40 53
58 47
49 21
37 38
78 45
14 19
7 23
7 56
19 36
14 50
24 55
58 49
53 26
94 96 7
23 53
42 77
28 40
7 13
50 40
74 76
53 25
8 30 1
8 12
66 6 2
8 3
3 2
53 56 25
35 30
43 45
32 16
18 43
3 15
19 35
41 1
2 47
38 43
18 56
11 49
29 9
3 31
45 31
22 48
33 47
13 20
13 33
22 14
35 31
36 48
45 10
20 30
12 47
1 39
98 18 29
22 18
34 6
41 8
89 16
52 17
21 14
70 13
62 11
25 4
7 6
97 12
19 2
28 14
68 4
9 7
10 7
72 17
52 12
6 12
33 4
84 6
15 6
11 5
23 17
39 11
30 5
45 5
92 10
38 5
58 81 3
31 26
56 74
32 17
24 13 28
3 7
13 6
7 5
12 5
5 12
6 11
10 12
17 1
13 8
4 9
1 9
21 4
19 5
15 11
18 13
15 8
3 5
22 3
16 3
9 7
7 12
13 3
21 6
3 1
7 11
21 13
1 10
17 5
46 16 20
4 3
4 12
8 1
16 10
9 1
18 2
7 7
37 6
39 14
17 4
5 7
32 14
18 11
34 1
26 5
8 7
7 15
46 7
27 5
42 15
17 24 21
9 14
11 15
10 4
7 14
15 14
8 13
8 23
7 21
9 23
15 24
14 1
2 12
11 6
11 22
17 2
3 12
5 4
17 17
7 17
5 7
7 18
84 42 11
2 36
2 40
20 26
21 1
51 18
48 6
43 15
74 14
27 37
59 34
27 1
61 35 12
32 27
58 23
51 30
46 29
38 26
52 34
29 10
41 18
33 10
37 20
43 9
57 20
3 97 7
1 23
2 49
1 72
2 91
1 40
3 23
1 33
85 2 21
54 1
60 2
34 2
60 1
1 1
22 2
54 2
82 1
11 1
42 2
5 2
69 1
71 2
77 1
41 2
33 2
77 2
57 2
40 2
51 1
81 2
93 71 12
58 31
57 60
10 43
72 63
54 40
84 38
10 51
46 29
23 52
49 37
63 57
31 58
46 89 17
44 52
3 51
19 43
40 14
23 54
10 84
11 21
26 60
26 40
46 36
45 72
6 37
18 15
24 22
17 26
24 31
10 36
46 80 11
2 62
31 74
5 4
30 48
19 6
1 77
22 29
27 37
35 46
22 37
46 25
95 9 16
50 8
88 9
45 9
65 9
34 3
21 5
55 9
31 4
20 9
37 3
60 1
21 8
61 4
68 3
6 6
86 5
71 81 1
36 36
56 16 14
23 6
2 1
6 12
40 4
3 14
31 6
33 2
14 13
37 16
5 11
28 10
10 8
26 6
28 6
29 62 21
10 8
23 38
7 34
20 7
13 48
28 5
26 17
12 28
21 24
16 22
27 13
7 51
1 41
3 50
10 35
23 19
20 14
27 53
16 31
9 20
25 7
41 72 25
2 1
9 68
36 11
19 1
37 29
41 58
3 34
19 60
30 32
20 29
19 24
5 42
6 30
33 71
34 63
37 5
5 22
38 67
28 16
14 16
37 18
7 7
35 12
13 27
25 63
87 84 8
79 29
78 12
3 7
25 18
41 26
66 39
67 23
27 81
70 10 30
69 2
23 8
50 8
4 3
40 2
28 7
64 7
62 6
20 8
15 3
49 2
34 4
40 10
8 4
59 10
64 10
41 8
45 3
24 5
4 2
1 8
50 2
55 1
2 1
3 2
65 3
48 5
7 8
54 2
47 6
79 6 8
62 4
4 1
62 6
21 6
51 5
27 3
78 6
50 6
69 93 4
14 20
32 35
9 67
41 86
71 1 23
1 1
57 1
9 1
71 1
18 1
28 1
5 1
2 1
64 1
22 1
32 1
8 1
25 1
31 1
38 1
55 1
14 1
49 1
51 1
27 1
23 1
15 1
21 1
74 15 13
8 14
5 2
1 14
17 5
64 7
25 4
2 13
14 10
24 12
50 11
24 7
72 8
43 2
55 63 12
50 63
45 15
9 61
45 6
36 50
22 7
39 8
38 3
39 22
44 52
47 32
34 51
35 1 20
13 1
32 1
12 1
29 1
9 1
35 1
34 1
23 1
30 1
20 1
2 1
21 1
6 1
25 1
24 1
22 1
4 1
8 1
15 1
26 1
25 24 12
16 19
23 14
14 9
10 8
22 1
13 12
19 24
3 22
1 6
22 10
17 3
13 20
27 96 16
19 29
26 18
8 74
3 18
16 29
7 5
3 79
13 3
12 13
3 70
14 20
23 16
3 34
3 44
26 46
26 69
70 10 30
3 9
8 6
64 5
64 3
18 2
12 8
67 2
22 6
67 3
19 2
21 4
24 6
46 4
64 2
55 6
33 9
36 1
65 2
55 10
14 4
2 7
11 10
18 4
57 4
36 6
46 6
69 1
41 6
46 7
19 1
44 94 9
41 64
7 64
28 63
27 39
18 13
9 73
40 72
21 16
43 58
1 91 21
1 46
1 79
1 36
1 17
1 72
1 4
1 42
1 76
1 64
1 82
1 7
1 3
1 77
1 28
1 84
1 23
1 19
1 41
1 69
1 59
1 34
69 13 22
6 3
58 3
25 13
3 2
52 13
61 8
29 7
12 9
62 10
1 3
29 1
17 1
5 9
18 3
68 1
58 5
51 9
7 7
12 7
6 6
54 9
46 7
61 28 19
51 14
46 26
26 2
13 26
17 13
16 14
37 11
56 9
1 5
32 8
3 6
4 28
59 4
23 10
22 19
30 3
59 13
57 22
18 21
83 53 11
44 49
73 21
83 11
15 45
43 53
13 21
20 22
32 18
10 40
80 28
14 1
95 83 6
27 13
56 56
74 25
79 75
49 25
63 48
57 62 27
33 37
32 24
42 3
12 3
49 31
6 17
53 48
47 32
34 57
29 25
12 31
34 54
54 25
49 28
11 10
53 4
39 41
38 54
23 31
51 1
39 49
34 30
57 39
6 56
56 6
46 15
21 7
64 47 2
50 18
17 28
80 38 20
48 7
29 15
26 4
17 31
10 5
46 33
61 6
20 22
48 12
12 16
49 17
56 14
69 20
72 8
58 11
3 33
62 9
17 7
14 15
61 23
99 58 25
78 55
11 3
51 56
65 47
2 27
5 45
76 22
66 52
9 22
13 20
45 24
38 17
25 1
99 21
88 48
29 38
11 9
15 28
90 3
95 39
14 3
68 44
69 10
88 51
23 5
14 14 24
1 8
3 11
7 9
8 8
4 11
6 4
13 8
13 11
2 1
10 12
1 9
5 10
3 9
4 5
2 5
7 3
11 7
13 1
13 4
8 2
1 12
5 11
5 3
8 6
55 71 9
44 50
27 17
37 43
54 23
47 9
53 68
39 7
18 4
2 65
90 80 13
63 52
10 47
11 13
34 5
75 52
26 37
90 7
73 5
52 54
74 74
11 72
67 2
89 73
96 56 12
91 32
60 38
59 2
8 39
77 29
37 32
96 25
13 22
72 34
76 45
7 29
84 38
11 37 17
8 24
1 25
2 8
11 36
2 2
4 33
3 7
9 17
10 36
4 2
8 26
1 16
11 37
1 31
6 31
2 5
1 9
55 87 22
23 70
48 28
15 27
11 62
1 80
3 25
16 18
7 55
31 27
47 23
11 24
52 3
37 70
9 61
53 50
39 5
1 25
14 64
43 16
18 20
46 15
34 87
21 47 13
21 33
10 19
14 11
3 39
20 11
2 45
13 1
10 46
4 33
20 46
11 38
5 4
8 33
6 87 23
1 42
5 59
4 19
3 5
3 32
4 82
3 54
5 43
4 62
2 9
3 33
1 29
2 84
1 49
3 12
2 58
3 55
5 4
5 69
2 41
2 64
6 61
3 66
69 6 14
47 5
31 3
18 4
16 1
28 1
17 5
33 4
33 1
5 6
45 6
3 3
36 5
53 6
14 3
36 76 2
28 22
24 18
69 23 1
43 10
95 51 15
47 25
43 14
87 30
27 50
10 32
50 40
40 20
82 16
59 8
54 1
73 6
23 1
2 32
6 21
79 49
4 87 25
1 42
1 67
3 57
4 6
3 8
3 52
1 23
1 15
1 36
1 22
2 18
1 25
2 26
4 41
3 53
2 52
2 8
4 1
3 38
1 24
2 57
4 58
3 43
3 27
1 75
2 17 22
2 15
1 5
1 2
1 3
1 17
2 9
1 12
2 8
1 10
2 5
2 7
2 14
2 1
2 17
1 1
1 4
2 3
2 4
2 11
2 12
1 11
1 15
62 8 23
17 3
45 3
10 5
35 5
23 4
21 8
55 2
1 3
28 1
16 3
35 2
34 3
48 8
21 1
26 3
42 6
17 6
52 6
39 4
35 3
20 5
8 4
5 2
72 90 18
60 70
3 58
57 16
40 48
51 56
49 38
7 76
16 68
32 59
54 10
26 80
11 60
72 68
48 77
41 65
52 46
44 18
65 83
83 33 10
36 28
74 10
38 11
15 22
48 10
24 2
42 30
65 25
19 28
59 13
57 67 1
4 46
58 9 24
54 3
31 3
36 4
28 2
57 3
19 4
33 9
28 6
3 4
35 8
52 6
53 5
43 9
45 9
12 8
20 7
19 3
2 8
10 4
36 7
24 3
42 1
22 1
56 9
13 65 2
10 13
10 27
39 67 7
39 8
31 16
33 7
15 1
30 65
34 8
4 12
64 96 10
16 78
2 78
2 58
35 79
36 9
25 70
36 40
9 4
27 12
57 2
52 71 6
17 40
40 50
52 35
24 5
15 47
51 1
7 12 30
1 11
6 10
4 10
2 8
7 5
7 6
2 3
1 7
2 6
4 2
6 7
3 4
1 12
5 2
1 1
3 1
7 3
3 3
4 6
4 11
3 5
3 12
7 11
5 8
5 12
5 5
6 5
2 12
6 1
3 10
53 24 23
9 6
35 24
28 2
18 8
39 18
33 13
16 24
10 23
4 8
20 15
29 12
5 22
35 1
52 20
53 21
7 11
43 3
25 14
27 9
48 17
21 14
15 1
23 12
19 48 7
10 10
13 22
6 37
16 32
16 31
13 47
7 11
68 10 25
62 1
61 9
17 7
20 3
47 10
56 9
51 5
35 10
10 8
23 10
23 1
48 5
11 2
68 8
25 7
54 8
13 8
68 6
5 1
42 5
19 8
24 9
12 6
9 7
21 9
58 83 19
13 43
48 18
20 67
31 69
48 42
2 41
52 40
23 51
29 18
56 55
55 78
3 74
35 63
24 46
34 45
18 59
40 68
54 82
1 12
100 52 24
29 46
49 52
57 46
32 6
62 17
70 46
81 7
66 17
56 44
62 11
19 52
44 1
56 6
15 21
1 30
58 9
44 30
44 4
100 15
21 1
31 34
54 47
36 23
55 15
74 69 3
63 62
46 3
69 8
48 96 27
45 5
41 32
3 29
39 26
47 39
34 86
32 31
24 75
33 59
29 26
11 53
6 30
40 55
33 48
30 96
32 90
20 89
42 22
21 32
47 67
39 96
24 22
30 48
17 14
26 61
8 36
18 13
57 69 25
17 51
49 34
23 2
57 42
34 49
42 60
51 47
5 2
7 67
51 19
24 68
20 45
30 2
53 8
35 30
12 22
21 23
57 68
54 21
20 61
12 38
22 57
42 64
2 19
55 2
46 18 16
26 3
39 18
22 18
7 11
43 15
26 18
36 8
12 10
22 16
20 8
35 5
16 10
45 14
38 6
27 13
18 15
98 65 8
59 44
31 48
22 25
78 50
12 28
13 4
18 53
52 49
63 2 4
22 2
51 1
16 2
9 1
86 75 5
32 59
36 12
21 52
3 19
52 22
46 73 23
9 70
32 7
30 8
31 16
9 30
18 21
5 27
36 36
19 5
17 46
37 3
33 4
1 50
17 53
29 39
46 39
39 13
20 17
33 8
41 45
6 63
8 12
27 55
81 93 19
28 11
80 39
79 22
65 91
4 59
30 28
53 42
49 26
31 1
59 90
71 13
69 18
13 60
5 24
24 31
24 85
74 71
44 48
30 21
54 42 20
39 14
10 39
45 36
16 3
39 31
47 18
49 14
6 10
36 29
19 5
50 20
51 4
37 24
25 10
39 26
36 16
3 25
52 33
40 5
39 12
21 50 29
18 15
18 46
18 31
21 32
4 37
14 46
15 4
20 19
13 21
4 25
14 10
20 6
20 5
8 23
16 8
18 37
5 3
14 3
13 4
19 4
19 48
18 36
14 5
15 37
12 34
19 37
17 42
20 21
4 20
95 61 17
59 59
12 23
18 61
61 57
79 33
94 45
55 3
95 37
61 13
52 19
6 1
51 47
68 3
42 8
46 11
76 9
1 27
28 28 9
26 13
20 26
5 3
21 19
26 1
25 10
10 5
16 23
28 18
38 86 6
31 1
9 55
11 3
34 6
5 16
26 9
8 39 27
6 20
7 27
8 13
4 7
4 6
4 29
5 22
5 19
3 17
3 3
8 22
5 7
3 14
4 8
8 25
8 27
1 11
3 27
1 37
5 2
6 35
7 11
4 24
4 4
6 27
3 13
8 26
3 87 28
2 1
3 42
1 84
3 81
1 49
2 26
2 39
2 46
2 29
1 25
2 16
3 58
2 42
1 60
1 11
1 33
1 64
3 67
3 8
1 82
3 48
3 86
3 56
2 43
3 5
2 76
1 10
2 2
93 2 11
59 2
50 1
57 1
88 2
13 1
56 1
12 2
22 2
70 1
88 1
84 1
88 52 12
21 8
29 21
29 29
83 5
73 13
3 3
7 24
57 5
25 16
20 6
17 12
86 9
79 45 13
38 39
46 38
36 41
42 38
37 24
60 17
52 19
71 4
58 43
44 38
38 45
57 16
71 5
93 81 13
18 53
49 80
72 36
72 5
24 77
27 14
56 22
84 23
21 70
39 60
34 52
51 52
33 5
23 72 19
6 72
14 56
19 38
11 42
4 57
19 28
20 26
17 34
8 41
6 62
15 10
16 43
13 19
11 12
4 51
13 23
22 40
4 37
3 5
26 34 17
7 1
19 7
24 8
24 20
7 34
4 25
14 20
8 8
9 33
18 31
2 34
13 25
8 7
21 24
18 32
14 29
26 2
23 5 6
7 2
6 4
14 1
1 2
23 1
15 4
66 88 26
62 86
38 31
34 79
24 88
32 81
36 42
33 28
22 68
57 42
65 72
35 7
51 44
3 82
29 52
41 30
57 58
50 27
22 83
15 21
58 68
56 47
41 64
28 83
43 63
58 17
24 71
55 64 20
15 33
39 33
18 37
32 41
49 55
38 11
26 29
55 43
23 59
22 33
39 41
27 34
28 44
23 3
33 15
20 55
49 43
20 62
24 60
16 23
82 63 13
81 46
24 5
55 63
7 51
38 19
68 45
62 6
52 11
78 39
49 56
46 24
81 36
57 4
58 77 12
58 12
22 27
31 25
42 37
38 4
7 19
4 40
30 39
27 31
57 47
55 57
45 66
62 78 8
13 55
48 20
58 49
51 46
49 56
5 44
24 25
47 22
48 76 12
35 22
32 74
15 71
10 69
17 3
15 50
8 57
20 41
43 42
40 74
12 57
30 15
26 65 7
16 64
12 17
25 50
4 4
9 26
17 39
23 41
22 94 3
8 5
3 24
10 30
41 85 3
28 12
12 72
11 5
42 32 1
38 16
15 79 13
10 14
11 4
15 70
13 71
6 62
1 41
7 28
12 17
6 76
13 75
13 42
2 8
15 2
59 96 23
30 67
58 34
44 36
45 41
20 17
12 23
21 87
5 15
41 96
5 35
50 32
20 56
31 43
17 29
48 80
54 2
34 11
48 86
59 92
53 54
32 84
4 21
31 5
39 3 20
33 2
10 1
31 2
34 3
22 1
32 3
29 3
15 1
31 1
28 3
1 2
16 1
23 1
25 3
3 3
23 3
35 3
6 2
12 1
28 1
81 8 19
43 3
26 3
46 7
3 5
27 6
70 4
72 6
2 4
15 3
28 2
62 5
58 5
47 1
67 2
61 4
69 6
45 4
33 6
67 4
94 89 17
38 21
18 8
29 5
83 72
90 26
88 15
5 62
60 64
93 49
56 56
26 66
81 20
34 83
17 2
91 19
75 28
73 83
28 65 17
18 23
4 36
20 6
20 60
9 27
4 12
18 7
23 42
13 25
24 30
10 63
25 15
1 1
14 2
27 34
12 41
23 9
91 23 1
85 13
72 63 19
56 29
41 9
52 18
41 63
34 54
72 26
58 32
70 51
36 52
25 46
64 60
50 12
10 36
44 31
32 8
7 40
45 54
13 31
15 42
70 52 15
32 38
14 41
9 18
62 10
59 47
55 2
38 51
19 8
10 1
3 11
37 26
15 17
26 11
23 42
22 10
68 45 17
55 41
53 24
29 10
19 13
43 5
63 45
2 33
26 35
49 35
56 24
31 28
43 29
6 7
4 17
20 32
66 17
6 15
10 42 24
8 35
3 7
9 27
10 2
3 39
8 20
8 41
1 32
8 11
10 3
4 18
10 9
9 9
7 36
3 10
6 31
5 38
5 36
2 7
7 13
1 10
4 10
3 40
8 4
18 17 28
7 6
1 12
12 11
8 7
16 17
11 2
1 3
2 7
1 11
11 3
7 10
3 2
14 2
1 2
18 3
3 1
14 3
1 14
15 11
16 1
17 11
13 3
8 5
13 5
10 12
6 17
3 13
1 8
7 34 11
6 31
6 27
1 30
2 1
3 13
1 13
6 14
3 8
1 2
1 16
1 33
52 36 17
35 2
4 15
15 18
21 35
15 2
39 29
21 25
16 26
22 11
20 16
5 27
9 30
26 14
21 8
10 1
2 28
46 25
67 32 29
51 2
49 9
27 2
4 25
10 30
9 15
47 25
16 24
54 5
62 19
47 12
11 29
24 16
3 29
66 10
15 20
38 8
18 15
34 29
62 25
31 21
39 15
2 26
62 22
49 14
21 6
51 8
25 25
15 4
38 84 14
15 55
9 4
27 35
34 75
21 82
37 7
29 18
26 76
29 41
28 81
13 40
23 69
20 31
11 14
52 40 13
9 10
35 12
8 18
49 22
10 19
51 24
49 8
11 4
39 11
8 11
43 27
33 11
12 39
7 97 20
1 57
5 35
2 53
2 4
4 61
5 70
6 77
6 67
4 12
6 87
7 64
7 34
3 2
6 2
2 77
1 9
4 48
2 36
5 8
3 24
25 83 21
16 47
18 30
4 22
15 51
5 81
19 8
2 38
11 57
11 55
9 38
23 6
22 62
6 83
16 51
15 75
13 12
3 39
22 38
8 31
21 33
3 4
2 30 28
2 1
1 2
2 28
2 2
1 21
1 5
1 15
2 27
2 30
1 14
1 7
1 23
2 12
2 21
1 13
1 17
1 18
1 12
1 1
2 17
1 24
1 28
2 7
2 16
1 20
2 23
2 13
2 14
65 73 23
13 60
32 14
22 73
7 40
37 28
40 73
35 42
27 43
42 49
17 24
60 72
42 47
47 26
35 30
12 51
12 72
31 40
64 27
46 50
33 30
23 40
10 23
28 65
26 14 26
5 12
9 4
25 6
6 11
9 2
14 9
16 11
21 11
12 11
2 4
17 6
16 7
6 5
15 12
23 8
19 13
16 10
10 4
17 11
4 13
7 5
14 14
17 10
4 6
19 11
23 11
33 38 6
28 9
7 5
2 28
14 5
7 34
26 6
64 26 25
9 2
22 4
20 16
35 1
58 7
54 18
46 10
54 5
15 4
8 19
56 3
53 16
35 15
41 18
36 14
39 18
48 24
59 15
25 10
7 8
28 26
42 9
21 9
63 3
50 21
29 57 15
28 11
6 17
23 40
23 41
10 15
27 13
29 32
26 30
24 19
29 6
26 53
11 21
22 52
8 14
27 54
25 89 25
21 35
1 12
12 60
4 56
12 48
1 65
6 67
8 39
8 6
12 50
3 27
14 13
23 13
21 52
15 24
10 66
7 23
19 29
9 84
5 48
1 73
5 76
6 63
15 89
10 13
1 63 7
1 63
1 20
1 56
1 49
1 27
1 15
1 55
12 24 7
7 6
7 21
11 15
6 17
9 1
1 13
7 17
37 34 14
19 21
12 21
37 20
20 30
19 8
20 32
18 17
12 9
24 26
21 32
29 1
15 30
2 20
24 23
38 12 10
36 8
31 10
2 10
17 11
23 1
15 6
37 2
26 11
17 9
5 10
96 39 5
39 22
60 13
48 6
75 3
6 18
32 19 22
21 7
8 17
6 3
5 9
30 18
9 3
12 4
19 1
26 13
1 17
12 9
11 7
31 12
5 11
11 11
30 5
32 1
2 5
18 14
15 5
17 10
28 18
9 58 23
5 24
2 2
5 47
5 30
3 57
8 6
2 16
3 54
1 47
4 26
9 32
8 12
3 46
8 39
3 14
1 40
2 51
9 29
3 35
3 23
1 42
5 34
6 7
26 19 17
17 19
2 3
15 6
26 3
12 9
20 18
17 13
12 18
14 5
16 8
18 14
23 14
9 7
23 7
23 5
2 13
6 18
48 94 22
27 27
35 19
22 64
47 90
9 21
5 12
2 13
21 7
47 30
7 88
28 84
18 71
35 56
48 28
11 68
43 63
16 4
13 77
41 3
34 75
31 78
18 84
63 6 22
33 3
56 3
5 4
23 3
27 4
53 4
51 5
10 1
62 1
47 2
15 4
21 1
14 3
3 6
46 6
27 1
3 1
28 2
21 3
4 3
22 4
45 3
92 83 13
82 81
22 24
68 19
54 26
50 3
66 58
72 33
64 63
37 35
19 58
16 44
62 3
74 53
35 34 26
20 7
3 7
5 28
15 20
26 4
1 24
11 16
19 18
4 30
25 26
21 20
2 22
28 33
2 23
3 31
22 29
1 19
6 24
3 26
8 34
14 5
4 27
21 27
26 22
18 4
9 32
89 55 15
75 7
71 17
73 51
68 22
17 32
36 6
78 52
45 17
84 20
18 17
52 35
51 5
53 16
42 13
38 44
99 91 6
86 46
68 49
41 20
4 11
63 11
40 50
70 40 5
37 14
43 11
53 7
70 12
49 25
94 48 23
87 14
28 40
69 25
9 31
21 42
20 28
66 46
5 27
18 19
63 31
90 3
19 38
33 17
88 5
74 27
27 18
47 45
86 23
39 28
71 19
81 38
34 6
88 46
49 73 21
40 28
5 30
48 20
10 36
17 10
3 35
13 50
38 18
28 7
12 30
2 30
6 44
17 2
32 16
15 42
30 35
11 47
40 19
30 40
15 48
46 15
86 8 5
86 4
72 6
40 2
66 1
69 7
70 17 5
2 1
17 15
33 16
46 5
28 10
77 5 17
38 4
22 3
17 1
73 2
74 5
11 1
11 3
63 5
9 1
64 4
60 2
60 1
43 2
61 2
4 4
20 3
57 4
88 60 29
41 1
74 2
54 15
41 37
40 38
65 51
49 53
58 33
2 53
12 15
63 27
61 17
62 59
26 34
14 21
26 15
53 3
72 6
41 36
6 9
29 46
35 49
54 28
33 51
48 28
46 18
86 22
22 31
72 47
57 30 7
23 6
19 15
46 24
32 10
34 1
20 13
55 10
26 43 21
11 31
16 36
21 20
8 8
25 6
12 30
6 4
25 8
3 2
8 35
4 12
25 30
15 27
8 26
5 14
17 16
6 35
8 23
11 4
7 21
4 35
44 31 9
2 26
18 17
28 25
41 10
33 22
7 21
4 23
21 6
14 20
77 28 2
67 10
3 17
45 28 26
25 6
11 21
1 26
41 11
18 17
39 5
8 8
3 17
42 16
1 17
29 10
17 11
5 18
30 9
17 17
40 6
2 24
15 15
45 10
42 21
4 5
42 11
14 7
6 15
13 4
41 9
85 30 15
56 24
51 29
61 13
73 27
34 9
21 28
75 11
47 1
69 10
14 21
8 14
73 11
8 1
73 4
30 8
1 8 5
1 8
1 1
1 4
1 6
1 3
10 44 14
2 7
3 35
1 39
10 2
10 22
10 13
3 43
6 37
4 1
8 13
8 6
10 28
9 31
9 6
88 54 5
29 50
32 19
85 26
81 40
9 16
24 74 12
14 23
7 45
13 68
7 61
17 68
16 16
22 48
17 30
7 57
10 50
2 57
6 52
81 36 10
33 23
43 3
52 10
1 14
50 32
71 6
2 19
21 8
35 14
67 1
40 10 11
38 6
11 1
31 3
38 10
40 8
15 2
7 8
11 10
29 4
15 7
18 1
59 61 1
50 39
29 52 16
25 9
12 49
8 3
11 13
14 50
8 14
12 11
23 34
26 26
14 21
24 13
11 42
25 2
22 37
2 14
3 29
18 86 9
9 66
14 8
13 23
12 31
2 62
17 17
4 16
14 17
5 64
20 15 12
17 15
12 12
10 12
2 1
7 11
6 7
4 6
9 11
6 12
16 10
14 7
9 6
62 68 25
42 64
61 44
57 13
44 12
6 30
55 4
49 26
31 44
19 3
49 68
44 57
53 49
2 48
48 38
36 13
62 21
28 55
40 39
21 36
44 68
25 26
18 65
33 32
5 3
56 49
6 73 27
3 65
6 7
5 36
1 68
1 61
1 23
5 14
1 66
4 23
5 55
2 50
5 51
4 54
4 39
3 40
2 9
5 45
6 58
3 38
5 31
4 36
3 56
5 63
2 55
1 16
3 29
4 50
76 79 23
57 70
18 16
1 37
63 59
70 13
16 75
12 50
33 67
28 50
19 62
37 25
13 44
44 26
44 21
71 53
10 6
42 40
21 33
73 15
11 54
69 58
61 18
76 76
64 47 17
6 28
57 42
29 26
58 42
2 13
10 39
26 16
34 4
33 30
56 18
46 25
16 8
46 24
18 38
59 20
47 43
61 12
47 9 29
12 1
23 3
10 9
14 8
30 8
21 3
20 9
25 1
28 7
41 2
20 3
36 6
17 8
35 6
41 6
6 7
1 3
36 1
40 3
35 5
34 4
9 5
9 3
23 9
44 2
17 5
13 3
15 1
31 7
43 53 20
39 23
11 25
26 4
30 34
43 4
29 38
12 21
43 51
25 49
23 2
29 27
34 17
19 25
40 8
42 1
15 22
33 27
39 17
6 35
31 16
46 31 26
3 19
24 26
25 16
36 22
29 14
11 21
19 24
30 27
21 9
19 8
1 2
35 19
9 2
37 4
5 4
43 7
31 8
4 22
20 18
3 30
31 5
15 31
24 30
28 10
46 23
45 8
66 74 12
26 46
47 12
2 73
20 4
32 42
10 2
17 50
22 55
25 54
62 7
7 46
52 42
43 9 7
29 1
35 4
12 6
26 6
8 5
6 2
41 6
53 8 6
33 8
13 5
39 1
27 8
11 7
36 8
63 97 3
4 50
4 21
48 8
83 71 21
65 13
42 66
58 8
13 18
22 52
6 10
15 48
11 5
6 23
79 60
82 16
42 25
16 28
5 40
74 67
7 9
76 66
33 66
83 18
56 67
54 4
44 23 4
4 5
44 14
17 15
19 12
22 82 24
10 13
21 4
4 9
12 70
18 50
11 6
2 49
16 63
14 31
6 75
10 65
8 75
13 31
1 14
16 32
9 51
6 38
20 31
2 75
8 55
15 80
7 10
1 12
9 20
76 38 12
45 26
35 27
31 29
35 6
5 30
31 13
13 2
65 33
49 19
9 4
43 26
68 1
72 89 5
51 51
64 37
48 24
37 26
13 32
53 21 1
49 10
58 85 16
48 25
22 78
32 30
41 76
54 84
39 75
13 63
43 18
19 42
10 85
1 70
11 22
5 57
47 9
17 76
38 74
35 67 11
29 11
5 42
3 31
32 14
17 51
31 46
15 53
4 47
21 41
26 66
22 18
76 12 14
63 9
3 6
22 4
50 8
3 9
1 11
31 1
35 9
33 12
40 5
14 1
34 7
32 11
55 3
67 61 23
14 45
13 44
16 59
64 27
11 45
47 23
40 7
64 1
34 57
38 13
38 4
43 8
34 25
59 44
59 55
48 53
47 19
54 19
32 61
1 60
8 10
4 20
66 40
85 61 23
17 56
30 46
39 49
66 31
29 53
30 21
71 35
25 30
67 17
58 10
11 45
43 12
4 13
43 48
43 11
11 18
29 2
51 14
3 12
63 16
56 28
23 17
55 36
66 1 10
28 1
3 1
20 1
24 1
53 1
27 1
17 1
14 1
43 1
58 1
51 47 24
8 18
50 43
50 13
21 29
23 25
25 28
24 5
41 36
46 40
12 34
20 28
46 6
21 46
51 10
7 37
22 8
26 44
3 7
20 43
6 13
51 35
27 26
6 47
30 12
76 87 2
5 4
67 45
98 73 9
74 25
55 19
12 62
54 53
13 33
3 58
60 45
6 2
7 63
99 52 21
69 15
20 15
49 14
51 50
55 8
39 3
29 43
66 31
99 8
41 17
33 42
94 34
7 52
71 14
24 19
5 9
81 45
68 10
72 44
46 19
58 48
34 18 29
8 5
1 3
2 7
27 11
19 14
31 2
21 16
8 17
29 6
20 5
1 9
10 16
31 8
31 1
5 8
10 7
3 1
1 15
25 1
32 7
33 12
30 16
12 12
10 13
24 8
21 15
15 8
8 9
27 14
75 10 26
31 9
51 9
46 9
9 8
40 7
39 2
20 3
75 7
11 2
22 9
55 10
58 9
43 3
5 4
9 7
31 1
20 7
69 7
32 4
19 3
27 3
64 4
67 9
45 2
17 8
7 8
38 14 9
2 13
3 6
1 13
30 12
7 2
14 8
36 8
17 10
25 7
22 100 17
20 19
5 53
19 10
9 76
4 1
9 26
19 46
8 76
2 79
4 95
9 75
5 20
10 36
4 62
13 46
5 18
2 19
23 54 10
1 53
9 49
3 24
1 5
22 8
12 16
9 23
14 46
8 31
14 42
11 37 23
11 32
5 14
7 16
6 9
6 36
6 29
10 24
7 7
8 26
10 9
5 10
5 7
3 7
1 32
2 8
7 6
6 32
8 1
6 18
10 27
10 18
5 11
4 11
15 100 9
2 45
10 80
6 4
10 64
3 49
14 51
3 87
7 6
4 30
86 71 24
18 48
68 29
25 63
81 41
36 50
8 63
53 32
35 66
15 69
36 37
62 47
25 34
26 46
11 55
19 17
49 36
10 29
75 68
69 31
62 16
34 49
40 25
52 54
81 26
11 70 14
5 40
6 12
6 50
7 24
11 28
1 46
10 44
10 54
4 27
8 20
8 58
5 29
3 27
2 13
49 81 17
20 11
18 7
49 35
30 17
14 72
25 6
7 21
29 73
28 44
25 39
42 38
18 38
41 2
39 57
19 36
36 11
22 6
22 21 26
2 16
1 7
7 2
12 20
17 21
8 16
2 19
11 20
12 1
7 6
16 4
10 20
6 3
7 11
1 2
21 6
9 10
18 13
11 8
9 17
2 4
13 16
12 17
11 11
17 19
4 3
33 37 30
24 18
15 20
15 32
15 22
19 37
29 37
19 25
7 31
10 4
23 32
9 29
21 4
13 12
22 23
29 15
9 8
14 6
22 26
20 24
5 29
31 30
1 15
29 19
4 4
26 5
4 24
10 18
27 5
11 22
20 17
59 57 30
3 32
4 13
37 13
50 44
57 26
36 46
51 39
58 50
43 38
54 17
38 40
3 50
54 53
55 20
11 2
32 52
52 23
13 20
58 38
45 2
32 53
9 43
32 1
48 2
34 30
21 15
44 5
21 14
53 8
14 22
98 71 17
73 13
22 8
4 33
3 22
15 64
3 46
27 69
86 50
1 51
49 16
81 53
74 10
63 33
81 27
40 31
73 26
53 62
93 94 21
82 50
15 36
41 46
62 79
33 82
35 73
4 10
41 78
87 82
93 42
85 77
56 31
36 71
36 34
53 35
38 82
66 10
20 11
79 69
88 22
25 20
38 34 29
5 31
10 34
28 25
31 32
9 2
37 33
2 2
24 32
6 13
11 1
17 29
32 13
18 11
31 33
10 20
36 24
5 1
37 8
2 1
29 10
28 20
18 23
24 33
15 2
23 17
21 34
4 6
8 16
30 28
3 73 29
2 45
2 8
1 67
1 16
2 65
3 37
2 7
1 4
1 17
3 32
1 7
1 37
1 55
2 52
3 50
2 67
1 68
1 47
2 10
2 4
2 34
3 61
2 30
2 54
3 3
2 15
2 40
3 48
1 1
22 7 30
10 3
4 7
21 3
16 7
3 5
19 6
16 3
19 1
2 2
20 3
19 3
18 2
11 7
14 4
5 3
5 5
15 7
21 6
5 7
6 4
5 6
16 5
10 1
9 4
13 5
5 2
12 3
1 1
19 7
2 3
38 89 19
34 61
36 62
30 45
1 62
9 80
27 61
18 1
31 41
10 55
24 74
34 17
35 43
33 50
32 16
23 85
9 53
36 37
11 81
10 40
24 48 5
4 22
2 31
9 20
10 34
9 47
28 19 15
24 6
10 16
9 3
10 11
10 12
26 9
19 19
11 10
12 8
17 16
15 9
22 18
16 5
11 15
22 13
69 29 30
2 22
63 22
1 15
15 17
51 19
54 9
15 20
10 21
9 22
44 27
41 5
46 11
20 11
61 6
6 23
37 21
52 14
64 8
52 9
2 16
26 19
68 24
42 4
6 2
65 19
50 8
7 27
17 16
17 15
65 29
60 46 5
3 33
38 9
12 13
31 19
16 7
91 6 18
42 5
3 4
76 5
18 4
73 4
29 2
16 6
8 5
32 3
43 2
36 1
62 1
72 2
15 6
42 6
88 6
28 2
80 6
84 42 21
35 19
64 34
47 42
58 24
42 5
50 20
4 14
17 32
70 6
11 1
12 23
74 11
83 34
21 35
49 38
5 39
56 24
72 17
65 1
82 20
4 3
80 87 8
4 24
25 77
57 38
26 82
29 3
51 71
36 5
6 7
36 20 19
23 7
15 16
23 20
21 14
30 12
24 1
27 6
6 1
2 8
2 6
20 6
36 13
5 7
30 10
34 9
26 16
3 16
7 14
31 4
87 80 27
62 20
69 48
18 6
57 65
54 18
4 1
71 17
61 71
71 62
14 63
34 72
28 78
39 2
49 37
62 15
59 31
56 57
55 23
86 10
57 9
87 63
82 51
43 2
42 44
34 29
3 46
28 75
75 54 28
56 54
53 23
28 50
66 17
2 14
62 24
71 51
14 6
34 31
13 33
7 28
64 2
57 18
67 37
58 29
33 11
19 10
27 21
60 34
26 50
5 45
11 10
42 13
25 19
14 1
43 38
28 41
47 47
39 63 21
15 24
17 7
10 9
1 40
36 61
39 25
24 36
14 61
6 19
2 37
8 63
31 61
19 52
15 27
9 10
29 14
16 41
5 5
4 20
36 51
28 45
17 68 21
1 55
14 43
13 36
16 4
9 43
10 42
7 8
6 3
12 18
9 1
6 41
6 2
8 4
16 13
3 18
4 37
4 17
2 59
10 25
2 52
17 45
77 43 16
2 26
35 33
59 21
61 16
47 3
37 3
42 20
34 10
39 15
55 27
36 35
52 2
22 25
25 43
23 13
65 5
72 30 6
50 19
67 17
53 18
57 9
58 14
65 17
51 15 13
2 13
6 6
25 13
44 15
8 5
45 11
49 9
11 7
33 5
11 10
46 14
13 2
50 2
49 28 15
3 27
30 22
49 20
44 16
2 17
28 5
33 20
15 20
47 10
22 26
5 18
17 16
17 2
26 21
38 13
73 43 19
50 18
60 33
26 39
37 10
53 27
35 35
14 17
43 3
6 26
69 17
54 17
62 2
40 3
66 24
72 16
55 41
23 11
44 8
19 38
68 50 25
50 26
43 3
3 35
48 31
31 31
2 4
68 50
17 43
57 5
18 1
50 28
29 5
68 22
54 31
13 5
53 20
27 3
28 5
2 39
39 50
41 28
33 38
25 31
65 25
10 1
2 74 25
2 53
2 30
1 72
2 70
1 58
2 17
2 7
2 35
1 15
2 27
1 48
2 23
1 54
1 66
2 36
2 45
1 2
1 40
2 9
1 45
2 55
1 25
1 21
1 60
2 41
98 53 2
44 3
54 25
67 63 23
56 39
29 25
65 2
60 44
53 14
19 2
18 21
25 29
26 41
42 8
58 40
35 49
8 17
42 43
1 30
25 6
62 9
8 32
22 55
50 43
37 36
43 40
13 61
59 50 6
20 36
48 16
14 17
8 44
3 28
17 31
53 79 20
35 48
51 33
28 50
28 66
41 5
20 77
34 58
27 20
41 61
10 33
38 16
13 2
39 52
19 55
27 29
44 60
13 4
15 28
39 14
31 70
41 40 11
41 29
19 28
14 15
39 33
7 20
22 20
36 2
17 2
5 19
7 3
2 37
90 7 25
41 7
84 6
47 1
55 2
42 6
11 5
68 4
69 1
54 1
74 2
88 3
24 7
41 5
70 6
77 7
43 2
13 7
31 4
55 3
28 1
8 7
5 1
32 2
63 6
23 7
31 80 12
18 40
4 31
25 13
1 56
25 28
7 33
31 31
30 35
11 34
21 7
14 29
8 63
53 44 5
39 42
41 36
32 36
30 43
30 28
69 72 26
49 30
37 24
30 1
65 49
57 27
34 35
22 32
9 28
58 2
22 56
46 67
62 49
40 14
39 5
23 17
68 10
29 41
21 41
6 26
45 35
34 39
55 59
28 46
30 28
69 33
3 48
43 14 6
21 13
38 1
32 11
4 3
9 9
19 8
12 22 8
6 2
4 11
12 1
8 17
8 16
5 22
1 17
11 10
31 13 16
27 4
30 5
14 5
10 7
16 10
31 6
12 7
13 7
29 5
27 9
18 10
28 9
13 10
24 5
19 8
6 12
4 52 18
4 20
4 7
2 46
4 9
4 2
3 37
4 49
2 30
3 47
1 16
3 22
4 45
1 49
4 32
3 4
4 14
2 17
3 33
66 74 21
4 15
28 49
62 3
45 20
37 38
6 19
34 10
47 50
6 69
38 26
13 45
53 72
12 71
9 41
38 14
45 48
10 34
60 55
66 34
39 73
62 44
73 73 19
34 34
44 41
33 68
54 6
22 31
10 64
7 8
22 35
69 14
53 53
51 52
36 40
2 2
46 33
57 61
17 18
21 44
42 53
22 6
59 23 8
58 20
50 22
22 23
2 15
44 15
31 12
21 22
55 23
11 45 7
2 11
1 6
6 29
3 3
11 42
4 22
1 1
79 99 3
25 68
19 55
8 20
92 50 10
6 39
34 16
23 26
79 36
24 44
81 39
78 45
48 3
69 36
80 27
34 84 18
32 23
22 37
12 43
34 42
31 4
9 38
33 9
2 22
18 31
18 55
21 29
20 43
33 1
7 15
5 2
34 12
21 19
21 62
33 38 29
25 18
15 23
6 12
24 13
14 19
30 25
23 8
26 37
3 11
22 38
29 29
32 25
8 17
16 32
28 10
9 16
19 8
10 20
26 10
10 25
32 16
18 30
32 38
16 27
32 1
19 27
20 21
27 33
11 35
16 80 16
10 66
3 49
1 54
13 54
10 6
11 19
5 20
9 72
12 9
15 4
5 29
6 19
1 2
9 63
1 33
1 27
90 31 15
84 24
14 9
21 4
60 6
17 20
60 28
59 27
20 28
62 20
21 29
65 8
23 16
22 3
38 23
24 3
55 17 13
8 10
31 5
36 9
24 6
50 4
50 7
4 15
36 1
55 9
11 14
7 7
16 5
7 16
41 44 30
32 14
32 37
40 32
21 39
9 28
36 17
23 3
39 11
4 22
31 4
26 30
15 39
19 24
7 36
26 22
38 16
26 39
13 44
36 33
41 34
18 44
30 37
28 24
2 37
22 10
11 28
8 34
36 40
40 44
37 24
65 64 23
34 58
19 30
63 35
40 13
22 27
44 63
64 22
34 41
31 27
42 53
21 53
20 37
56 13
3 16
50 26
23 35
29 20
13 43
6 51
13 29
20 9
64 13
21 12
93 51 3
66 34
46 35
82 17
56 72 12
31 32
12 9
11 15
4 59
17 34
45 7
46 34
40 1
38 69
20 19
32 66
54 46
49 58 20
27 25
29 58
16 39
25 8
13 23
30 1
48 33
27 27
30 40
37 42
37 53
1 54
24 45
27 21
20 58
36 11
27 33
43 4
14 30
3 7
90 61 9
68 43
51 44
43 52
90 20
60 14
37 53
49 61
35 36
83 29
45 69 21
24 44
29 5
35 27
21 15
15 21
4 10
12 16
16 15
17 66
38 62
14 19
40 52
23 29
26 3
38 43
42 11
32 1
43 50
27 31
17 18
31 23
47 87 22
18 32
3 10
22 74
9 68
22 86
38 48
25 61
2 17
39 82
25 83
4 44
33 83
3 42
36 24
6 5
2 30
4 3
23 53
38 74
24 10
9 17
26 77
86 84 18
61 35
60 22
65 42
9 27
7 72
49 63
23 14
46 32
54 56
60 75
81 82
22 2
49 27
68 61
45 10
26 17
76 67
32 46
16 82 19
5 31
5 49
5 6
15 28
5 38
8 82
16 21
9 7
1 6
7 53
4 48
4 12
3 65
14 71
2 39
1 74
12 59
1 32
7 3
88 55 16
35 3
36 47
43 50
76 22
66 47
1 24
84 13
12 12
85 36
27 22
32 16
79 28
73 47
42 27
1 13
74 35
22 25 24
22 5
1 7
4 10
19 2
9 16
2 6
15 4
1 14
22 18
2 10
9 23
1 18
14 2
20 20
12 21
16 14
21 21
6 7
5 13
14 5
19 8
9 7
5 9
21 20
53 8 5
36 3
30 3
3 5
50 5
27 3
16 47 17
11 45
16 18
7 21
2 46
8 13
3 42
9 1
16 45
9 2
8 27
5 9
11 33
10 26
12 47
9 11
4 27
15 44
61 84 18
59 6
3 15
45 45
39 60
49 38
54 24
22 21
52 65
34 73
59 35
30 61
14 74
18 83
5 50
4 83
37 79
22 20
51 11
96 39 22
33 22
4 32
12 17
3 26
95 33
93 23
87 35
36 11
58 31
15 39
53 31
26 8
57 30
84 38
53 5
36 1
9 20
36 33
36 38
92 2
21 8
31 39
33 71 16
24 47
15 45
4 15
8 12
11 17
24 37
19 30
25 10
23 14
2 38
20 45
33 9
5 55
7 7
11 68
20 51
70 17 9
56 1
62 4
11 16
13 3
26 9
9 16
19 1
3 11
48 5
75 8 14
71 4
64 7
52 2
73 3
60 7
58 7
15 7
75 4
9 1
15 1
63 1
33 7
63 7
71 5
49 28 6
35 19
37 1
22 6
38 6
48 4
25 26
54 96 28
32 63
44 77
29 29
21 32
48 56
38 4
10 82
31 92
20 53
11 4
34 76
7 93
45 37
4 24
46 62
37 27
40 79
17 42
9 68
13 38
43 86
23 23
45 47
52 34
31 68
20 2
36 42
9 26
22 100 18
8 33
6 86
2 50
9 58
13 32
22 38
8 4
13 24
22 21
11 36
10 9
5 49
4 74
3 37
4 63
14 7
17 26
8 67
75 84 26
25 71
5 37
36 64
24 76
67 7
51 17
39 37
13 35
64 74
2 44
35 39
31 75
9 67
12 72
34 42
52 56
39 47
48 65
16 30
9 68
18 44
12 30
21 12
46 63
11 80
36 58
63 68 10
59 34
9 55
22 24
47 37
14 3
36 44
31 25
24 48
17 47
53 26
50 18 5
11 13
8 11
26 12
40 9
17 15
93 15 28
27 11
14 14
42 4
86 1
93 7
88 11
16 5
12 3
35 11
11 15
57 10
55 15
18 6
35 9
15 15
16 11
4 12
70 14
28 3
37 2
56 10
28 11
4 2
21 3
70 5
3 2
89 12
8 4
77 74 18
68 32
67 66
48 72
46 36
28 32
47 57
71 43
7 21
33 9
66 1
68 18
16 68
49 66
73 71
51 54
35 43
73 37
9 38
26 69 13
11 55
16 21
25 43
11 25
1 47
7 8
22 40
19 25
8 41
13 23
2 4
26 46
19 64
90 14 27
90 14
33 7
69 7
57 2
4 8
83 10
58 8
77 7
16 3
32 9
19 8
1 13
70 10
87 13
3 6
46 14
29 8
13 5
31 5
6 12
4 14
7 5
31 4
29 10
50 5
1 3
2 7
79 1 24
57 1
69 1
20 1
42 1
29 1
44 1
64 1
19 1
11 1
48 1
27 1
37 1
6 1
35 1
23 1
31 1
2 1
9 1
61 1
72 1
16 1
7 1
78 1
55 1
28 34 15
8 25
25 13
28 17
10 21
23 17
21 24
24 19
19 12
19 21
12 32
24 21
19 6
2 34
13 7
1 6
51 40 13
39 33
22 39
18 12
38 22
39 1
51 21
49 6
44 32
45 35
39 10
14 34
31 2
23 11
34 52 23
2 40
6 42
28 26
9 27
3 29
21 40
33 24
9 7
27 2
11 37
12 44
19 46
13 34
18 21
19 47
24 48
33 49
11 30
28 28
16 9
2 11
16 44
20 38
98 100 17
31 76
60 64
16 3
42 25
64 15
95 81
32 23
85 56
77 80
67 2
57 69
71 85
68 85
46 45
50 41
41 18
4 5
82 67 29
79 25
17 63
20 22
72 46
55 29
30 45
68 51
38 27
68 45
4 14
60 34
40 33
25 29
64 31
28 59
53 8
37 36
33 30
51 5
1 58
33 4
32 29
52 63
78 27
16 18
71 52
24 12
3 24
70 21
54 10 9
45 8
27 7
22 3
42 2
37 10
1 3
54 8
12 3
23 9
44 85 13
24 47
12 46
14 7
23 24
30 2
18 40
1 60
31 10
31 61
32 5
34 25
38 46
44 69
56 94 7
17 64
8 53
1 44
52 93
28 47
11 64
40 13
95 44 7
31 30
25 20
47 20
13 19
5 11
94 1
48 36
85 97 20
25 21
52 10
72 67
50 55
29 70
8 65
31 90
71 27
50 18
32 61
12 96
56 6
68 14
30 39
44 2
46 10
6 91
29 58
9 6
54 16
7 36 22
5 34
1 6
3 4
7 24
1 31
3 19
2 27
7 14
6 22
5 4
7 10
4 17
7 34
2 13
3 3
7 30
2 16
4 33
1 17
5 8
4 35
4 6
54 20 1
26 9
54 51 13
49 47
40 23
41 40
35 45
15 32
42 7
26 20
25 21
19 39
31 47
41 22
31 17
44 19
73 40 14
8 4
59 36
28 15
49 29
29 29
8 23
45 18
1 22
54 11
32 21
22 13
51 2
8 38
33 3
70 24 6
17 19
2 4
38 22
62 20
26 19
61 9
99 40 8
94 23
19 16
9 32
18 36
45 15
32 17
60 15
27 5
91 10 6
37 7
5 6
41 10
6 7
10 8
13 8
52 41 18
7 1
43 15
12 1
8 15
47 25
23 18
29 1
43 36
20 16
28 16
4 30
17 2
7 27
52 15
35 2
39 36
20 40
39 11
63 18 1
11 14
6 14 6
5 12
1 6
4 10
1 8
4 1
6 5
86 2 7
68 1
47 2
39 1
68 2
22 2
72 1
21 1
35 46 22
11 31
17 19
13 43
33 43
34 32
2 42
31 20
18 13
19 46
18 45
8 33
27 30
32 2
10 18
25 10
25 25
32 18
24 27
9 17
35 25
8 21
15 16
46 70 6
13 68
13 70
37 2
32 54
11 17
13 49
60 76 1
32 39
28 49 5
9 34
15 32
7 2
26 31
16 28
97 76 10
10 56
24 52
47 35
32 9
49 64
78 38
71 31
67 17
37 9
74 56
31 70 14
23 13
16 5
12 63
27 18
26 27
17 4
7 14
1 37
5 22
29 2
2 41
12 38
4 38
11 25
69 99 11
19 67
19 29
18 30
67 39
54 40
2 11
33 35
68 72
45 14
8 88
28 56
76 56 25
54 21
75 14
67 55
70 35
60 3
72 45
19 51
46 9
56 51
10 30
19 26
31 56
31 50
60 20
9 43
60 14
27 54
47 41
37 1
24 44
35 51
48 49
13 13
9 12
32 35
61 2 30
39 1
20 1
6 1
52 2
5 1
7 1
2 1
8 2
52 1
30 1
39 2
42 1
20 2
47 2
54 2
29 1
38 1
60 2
43 1
40 2
13 2
46 2
54 1
34 2
18 1
14 1
22 2
9 1
28 2
41 2
92 25 9
64 13
24 10
91 13
29 21
1 13
76 17
43 11
64 22
43 2
53 41 5
35 14
16 12
31 22
35 41
23 39
98 51 17
3 50
19 42
4 13
41 28
35 30
60 8
21 47
32 47
6 13
88 24
75 40
74 15
18 34
63 45
32 41
13 26
88 16
70 37 1
38 22
25 40 11
1 40
13 39
20 24
3 30
23 35
8 19
4 22
20 6
2 11
21 39
14 28
60 33 6
32 12
13 13
1 28
37 17
8 33
57 2
51 7 12
19 7
40 1
41 6
49 2
28 7
12 2
11 7
36 3
24 2
3 3
7 5
22 6
100 73 27
34 50
35 52
60 33
39 28
56 12
79 2
76 46
6 49
34 20
30 51
96 6
91 28
73 64
31 24
14 35
28 9
25 10
65 4
90 45
87 37
37 25
65 25
95 65
100 16
76 70
15 30
74 66
76 98 10
74 91
34 22
45 83
25 62
29 23
36 9
71 77
67 7
17 24
25 60
53 100 1
1 14
12 59 21
12 47
7 50
8 31
5 9
12 46
10 57
5 44
6 39
9 44
9 55
2 17
10 36
12 7
4 14
6 35
12 17
1 20
9 8
5 26
12 59
5 15
39 57 29
30 7
32 3
37 26
23 23
27 57
38 55
15 47
33 36
31 17
34 31
15 16
39 16
3 52
6 10
20 9
3 20
20 52
32 53
15 10
10 50
6 32
16 42
39 30
17 7
21 54
22 56
30 27
24 46
7 5
68 26 24
62 25
68 1
55 26
25 22
35 19
36 8
12 24
34 19
15 2
9 15
67 23
21 7
25 15
11 23
7 15
10 12
45 13
30 7
18 16
24 25
1 19
66 16
26 1
44 18
90 4 14
87 4
40 1
49 3
55 3
75 3
50 4
77 4
57 1
33 3
68 1
25 2
42 2
19 1
46 2
58 69 23
22 24
19 65
1 5
35 28
11 33
14 64
54 63
2 48
55 21
32 55
40 23
17 11
56 24
29 45
1 17
14 58
47 63
24 25
2 15
53 3
26 65
5 10
34 42
69 93 12
15 63
68 26
61 61
8 58
23 35
47 89
23 32
21 70
59 2
53 5
39 79
22 39
70 38 25
19 30
29 36
51 24
41 9
16 38
47 22
64 16
58 22
2 5
26 3
52 1
41 37
45 10
30 32
19 16
34 24
17 19
69 30
64 33
20 37
37 4
44 2
10 33
33 17
66 28
52 59 25
18 4
29 45
15 16
26 24
43 12
10 28
36 43
41 34
30 56
24 18
25 47
35 18
25 12
42 27
28 14
49 45
3 46
31 3
48 35
44 25
9 13
37 26
12 42
31 15
51 10
36 91 7
26 43
20 65
11 9
2 29
14 85
29 18
1 90
73 65 28
34 40
72 40
26 20
40 65
56 52
36 62
57 61
59 53
19 56
48 59
48 13
67 37
48 30
25 30
72 54
53 21
15 42
26 38
50 26
3 46
49 58
16 38
13 35
53 40
69 9
73 57
32 62
15 28
23 29 27
7 25
13 3
18 7
16 3
1 27
12 12
8 14
21 12
15 2
8 19
23 18
7 22
23 5
12 27
1 7
14 24
12 23
19 14
8 9
23 7
21 7
6 28
14 29
13 10
18 5
12 13
20 7
22 34 20
9 25
11 4
18 30
8 7
14 13
18 14
12 20
14 2
15 24
7 20
3 13
22 28
16 29
10 32
15 5
1 29
19 5
22 9
21 29
7 28
91 79 11
46 18
88 1
8 1
76 14
86 47
18 30
90 54
53 44
13 7
11 17
33 52
65 6 20
24 5
47 3
37 6
25 4
38 4
65 5
18 1
5 1
1 2
38 3
50 2
38 5
36 1
58 3
3 5
23 1
48 1
38 1
51 5
55 2
2 73 30
2 39
1 2
1 16
2 44
2 30
2 23
1 14
2 36
2 65
1 31
1 3
2 6
1 24
1 25
2 25
1 41
1 33
2 21
2 46
1 19
1 43
1 51
2 27
1 17
1 40
1 7
1 4
2 62
1 44
2 58
26 14 20
13 14
24 12
7 14
9 4
7 1
19 13
24 1
6 14
4 2
26 4
8 9
14 8
6 10
1 9
19 5
23 13
17 13
6 7
5 8
2 8
91 53 3
26 1
24 6
74 10
92 39 14
9 39
42 26
67 14
42 33
82 20
49 24
26 8
20 13
34 13
73 9
66 39
65 12
39 29
20 4
49 31 27
2 3
15 26
5 3
1 3
2 17
36 15
29 7
42 16
31 9
15 23
44 24
30 26
7 29
30 2
46 29
26 19
9 14
26 9
40 6
7 13
2 13
36 31
35 13
7 7
13 1
24 3
39 12
44 3 14
42 2
17 2
9 1
31 3
28 2
8 3
32 3
43 1
10 1
14 3
18 3
44 1
2 1
28 3
85 90 28
47 80
83 82
44 33
18 85
59 84
27 57
34 65
74 3
13 60
61 83
71 22
78 46
20 89
10 30
20 34
19 36
30 63
44 30
6 27
84 36
12 18
39 41
12 67
68 24
37 60
62 82
33 74
69 58
84 13 19
44 10
53 6
64 13
36 9
23 3
33 7
71 11
69 2
71 2
25 13
12 13
43 8
7 9
65 8
50 1
36 5
36 1
74 13
71 7
3 65 16
2 55
3 31
2 45
1 6
2 3
1 41
1 17
3 17
3 8
1 26
2 11
1 22
3 25
2 16
2 7
3 42
69 47 2
59 34
23 22
76 66 24
16 22
22 46
68 48
67 30
38 19
65 13
66 55
66 40
65 5
47 38
27 39
15 35
49 49
8 22
22 18
47 25
53 36
30 48
75 30
72 38
58 46
10 40
71 53
71 45
49 73 11
36 54
42 27
47 55
14 43
17 52
34 35
23 51
24 72
19 30
7 62
31 34
33 87 15
22 32
11 8
33 75
8 46
15 31
14 83
19 57
22 34
4 2
20 79
20 56
27 12
27 82
22 27
16 44
72 65 25
36 8
48 48
34 34
61 24
10 48
5 14
27 5
40 41
37 29
16 42
44 63
50 12
21 57
47 47
66 21
10 36
27 41
4 53
20 43
61 10
50 49
6 47
50 44
24 43
14 26
7 1 1
1 1
41 3 8
21 3
29 3
28 3
15 2
11 3
17 2
6 3
35 3
76 76 30
52 46
76 11
64 24
62 67
37 30
41 1
5 57
15 32
73 44
20 37
13 4
28 63
56 52
45 49
39 12
30 30
73 45
40 60
69 26
51 29
71 15
45 75
11 60
31 24
43 66
76 56
69 27
58 48
18 26
36 56
17 54 18
2 28
5 39
17 30
14 15
10 52
2 39
2 6
5 37
5 9
16 32
17 34
2 15
13 2
14 33
5 3
16 15
4 2
11 36
20 26 6
16 23
19 20
7 18
7 3
8 23
15 1
87 18 13
84 11
83 3
16 14
83 12
44 15
73 5
78 4
48 8
82 1
31 7
76 6
26 2
52 11
48 70 11
45 12
38 31
16 38
41 43
24 60
48 63
21 47
39 70
11 16
43 27
24 13
18 71 7
11 13
15 8
6 49
14 67
14 36
5 26
5 19
23 45 30
15 35
10 16
18 13
12 9
19 41
20 22
16 37
7 30
7 14
12 20
20 37
4 31
14 36
10 2
16 12
6 34
20 4
3 18
14 13
9 18
2 19
9 30
14 19
13 21
21 29
1 45
5 35
17 32
18 21
21 16
64 58 26
18 9
30 19
55 41
26 55
35 47
12 2
19 50
57 16
64 5
62 51
25 47
44 42
50 5
38 17
28 8
54 11
62 37
8 10
33 37
46 14
33 35
35 53
64 31
37 19
4 6
15 54
6 31 17
5 1
4 8
5 28
4 4
4 16
6 22
2 11
6 30
3 11
3 7
5 23
6 3
5 2
2 19
2 22
4 23
6 16
38 91 1
33 34
66 16 21
58 11
34 15
35 8
52 9
3 13
20 9
33 1
12 10
46 13
25 13
58 12
51 13
38 3
51 15
46 16
47 8
35 2
54 13
24 9
49 16
33 2
85 91 14
23 69
10 33
56 77
25 56
54 31
29 35
79 80
46 63
52 78
10 19
30 84
43 39
26 67
54 81
16 49 3
14 13
10 7
1 38
45 53 16
44 17
11 10
35 12
10 47
27 39
26 42
21 19
44 48
19 15
33 6
38 17
7 10
21 21
33 2
40 8
35 1
4 99 30
4 80
2 81
2 17
4 67
1 65
4 97
3 38
1 94
1 54
1 77
1 30
3 89
1 67
4 18
2 46
2 76
1 88
2 30
1 53
1 82
4 23
1 23
1 69
4 25
3 34
4 87
1 97
1 29
3 43
1 9
53 38 4
51 28
15 16
4 11
5 8
54 31 4
21 27
13 4
26 28
31 19
85 7 7
64 6
42 2
34 7
2 1
32 3
66 2
46 5
87 29 18
4 29
25 10
48 7
28 14
81 20
25 3
43 27
65 13
2 7
71 6
5 12
2 6
12 8
65 19
28 9
33 3
8 29
33 18
48 59 13
31 30
47 12
6 48
24 24
26 13
20 40
12 34
17 17
6 1
39 48
26 29
6 32
34 57
48 44 16
2 40
46 39
35 7
32 26
2 44
27 25
43 41
45 9
41 30
18 31
44 20
4 39
9 24
4 17
15 39
5 36
11 30 24
9 22
6 28
3 5
10 26
9 17
7 7
8 20
3 16
5 25
6 2
11 25
8 27
3 18
6 7
9 29
3 28
11 26
9 18
2 8
8 24
7 29
9 15
5 6
3 29
12 29 15
8 21
1 14
7 28
11 7
3 14
8 17
12 13
6 7
9 1
1 22
3 28
6 14
11 25
4 18
9 18
78 76 23
32 73
21 75
55 16
75 7
78 60
49 38
12 47
8 62
50 31
43 15
60 43
29 37
17 33
57 42
40 8
22 4
55 13
6 47
4 66
14 59
11 16
9 14
8 70
28 65 3
24 34
16 65
11 50
76 80 16
14 73
12 49
40 12
53 33
18 29
62 67
35 51
42 51
64 48
65 11
44 29
42 63
72 64
73 80
35 16
21 66
57 60 27
40 45
35 21
36 29
54 36
46 14
33 26
36 14
34 10
33 23
22 31
32 49
38 27
27 49
10 9
13 19
45 49
19 7
52 60
45 13
4 46
51 31
36 48
26 51
36 31
6 46
20 25
46 26
43 49 14
42 1
16 1
27 11
36 12
20 5
15 44
32 47
23 13
4 21
37 25
22 35
4 44
34 49
32 38
16 79 15
1 45
8 32
12 34
13 61
4 36
13 41
9 39
2 63
1 3
7 38
9 76
13 75
15 62
4 27
8 57
98 44 27
69 43
92 37
59 2
20 16
26 42
96 5
77 5
1 8
8 21
2 26
91 41
70 21
76 31
95 42
10 12
83 44
39 6
12 5
84 4
46 33
97 23
18 11
8 2
46 35
96 41
16 26
87 7
27 29 27
18 23
18 12
4 18
13 9
7 10
4 20
27 25
20 2
22 9
8 9
7 5
17 12
23 21
9 4
12 1
21 16
12 21
3 16
8 3
11 3
15 12
26 28
20 1
18 27
13 26
10 9
1 11
4 22 27
4 22
3 14
3 22
1 21
3 20
1 10
3 2
1 2
4 20
2 4
3 8
2 8
4 5
2 3
2 1
1 9
2 22
1 3
1 8
2 13
1 13
4 13
2 12
4 15
1 6
1 14
4 10
95 12 1
45 3
16 52 18
2 52
3 24
4 27
4 39
11 17
14 50
3 38
8 9
16 18
2 44
2 1
9 24
15 19
15 18
2 36
1 44
7 12
2 18
3 36 8
3 17
2 14
1 17
2 26
1 12
1 26
3 30
3 3
92 91 17
50 66
52 6
71 26
90 89
92 61
51 1
87 41
30 61
39 38
76 6
15 91
26 54
3 70
80 51
91 81
17 68
86 2
21 49 6
13 14
13 45
9 32
8 26
2 26
2 2
23 96 5
21 21
2 7
10 45
1 94
18 47
93 1 5
68 1
71 1
40 1
28 1
42 1
71 54 13
2 24
45 12
46 5
39 29
57 33
19 8
14 24
34 10
68 3
38 42
11 43
52 13
6 5
27 97 22
9 47
20 35
1 47
17 5
22 78
16 10
27 32
4 91
4 86
2 96
24 63
25 38
5 48
14 67
21 7
19 66
15 24
22 67
3 24
25 15
7 88
3 64
41 96 26
34 3
37 3
24 5
16 17
34 92
34 21
18 28
17 54
5 45
9 85
21 52
5 2
15 87
20 37
26 67
40 75
37 1
37 29
22 54
11 5
8 2
38 86
13 74
6 12
3 28
9 17
31 27 18
2 23
15 12
14 22
12 23
7 13
20 9
28 26
19 11
2 12
19 23
9 8
1 5
31 27
6 6
5 26
20 6
14 12
28 22
98 32 10
60 20
68 11
36 6
83 16
69 16
25 21
47 18
90 28
20 8
34 25
52 87 13
20 84
7 87
36 2
42 71
40 16
28 54
38 24
48 69
41 32
40 52
7 16
39 69
1 86
12 21 7
3 13
12 3
2 8
12 9
3 3
9 1
8 14
45 29 11
19 8
45 14
4 24
19 25
12 4
45 27
41 16
28 26
40 11
28 27
40 20
53 29 17
6 17
39 2
51 1
43 18
40 19
32 1
29 27
2 6
12 23
29 20
34 19
27 23
5 15
34 17
46 20
24 22
44 24
77 48 18
24 20
72 9
17 43
62 2
10 43
37 42
5 29
6 30
57 13
43 4
35 16
19 30
52 14
33 32
1 12
55 8
71 21
17 5
52 49 12
36 15
5 6
9 2
51 29
32 12
29 18
10 31
28 39
38 43
48 24
11 39
2 4
86 23 4
76 23
67 12
21 14
48 16
53 88 6
49 64
43 19
8 44
28 58
16 44
31 37
96 69 8
42 24
81 48
40 25
53 11
82 27
22 17
22 46
96 38
37 63 4
5 16
1 58
9 58
8 61
85 16 19
2 5
80 16
2 13
54 8
34 7
9 8
69 6
83 7
11 2
84 14
6 6
55 5
19 15
23 8
66 3
81 14
62 1
70 10
55 3
85 55 24
51 49
12 19
58 41
49 23
60 9
19 23
73 37
26 44
44 31
20 49
11 23
60 32
27 55
53 17
36 8
50 31
31 21
81 16
79 51
58 5
19 53
17 51
54 44
2 38
16 23 28
4 10
1 1
11 15
2 21
4 9
6 4
15 13
12 5
14 13
15 22
3 2
7 19
3 17
9 16
16 13
12 11
15 23
15 16
6 21
4 12
5 2
5 18
7 3
10 12
9 22
3 12
8 6
13 9
58 42 18
10 2
37 32
28 1
6 36
42 13
13 8
23 17
4 16
28 36
7 12
6 24
24 32
29 25
48 7
21 31
30 20
3 37
27 8
97 87 12
75 65
49 74
22 78
84 85
65 12
32 12
71 20
7 80
93 42
80 4
64 1
7 4
27 66 8
2 34
3 58
26 11
19 49
19 15
13 44
18 37
6 26
72 23 4
25 23
42 22
66 8
43 22
63 2 30
34 2
37 2
14 1
54 1
59 1
48 2
29 1
8 1
32 2
60 2
38 2
50 2
27 2
42 1
60 1
20 2
53 2
61 2
22 2
30 2
17 1
25 2
14 2
11 1
46 1
13 2
49 1
33 2
35 2
13 1
51 97 26
39 32
12 20
41 70
20 1
43 19
3 70
32 52
11 18
51 32
24 32
2 44
23 69
31 21
43 40
16 83
36 36
27 33
45 16
38 5
17 1
48 42
41 90
42 95
43 25
40 88
46 86
74 14 22
47 12
73 10
65 2
46 5
26 7
32 12
6 2
54 3
38 9
42 14
54 6
3 9
66 3
59 7
66 8
70 12
49 8
3 2
38 8
14 5
37 7
38 2
38 98 12
33 48
3 54
13 70
38 62
11 68
14 82
34 27
13 17
17 1
36 84
34 13
31 10
49 95 5
5 14
8 74
32 8
35 28
45 17
40 77 23
21 8
14 23
4 45
35 40
30 47
36 57
6 70
17 19
28 4
16 22
27 70
11 31
3 23
13 29
27 71
11 32
11 26
31 67
28 63
18 14
3 49
26 48
2 56
61 29 24
32 3
49 13
59 14
28 20
12 18
31 19
40 1
19 24
9 18
15 10
14 24
24 18
22 25
2 8
47 7
12 26
47 21
44 25
56 5
30 6
8 16
1 19
2 24
30 1
90 52 9
19 34
18 51
38 29
38 43
56 34
57 30
54 43
69 19
80 41
59 43 16
7 15
59 31
45 4
27 35
24 2
44 12
31 40
16 27
54 32
39 1
16 7
11 15
31 35
34 21
29 36
3 36
39 97 23
21 22
21 93
6 7
24 29
12 54
19 30
6 97
3 43
3 10
27 67
4 90
7 35
5 96
26 38
1 75
32 15
36 67
39 65
32 91
20 24
35 77
3 55
10 22
78 24 26
35 19
39 7
65 9
78 5
76 9
73 13
52 20
57 20
67 3
22 24
14 7
23 15
53 22
10 2
39 20
60 22
18 14
64 11
48 13
72 6
2 15
77 14
8 6
76 10
75 24
28 19
10 95 9
4 82
8 34
9 25
4 42
1 54
5 3
10 84
2 88
10 57
60 24 2
29 23
51 1
70 74 24
12 26
14 39
11 43
26 61
7 51
52 61
30 16
22 23
27 57
68 24
7 6
51 48
70 14
30 63
27 35
28 66
54 19
37 62
13 32
15 47
64 16
48 49
42 17
46 48
45 43 25
23 37
26 19
44 24
28 26
1 18
27 23
5 27
12 35
36 29
10 15
28 32
15 27
8 1
40 16
32 24
44 14
13 12
28 9
15 25
15 31
24 21
27 17
14 37
35 11
4 39
13 49 26
4 14
2 9
3 9
1 47
10 44
8 18
13 19
6 29
7 16
2 27
5 40
12 10
11 40
6 10
2 15
13 4
2 48
10 11
4 43
13 24
3 37
12 43
5 43
10 43
5 5
13 48
36 26 11
19 18
28 22
7 17
30 7
12 13
5 2
8 12
8 26
16 20
20 5
34 3
28 56 11
26 44
25 9
22 27
28 41
19 9
20 43
7 18
14 9
22 11
8 15
14 15
59 33 29
57 20
55 7
54 9
28 3
45 29
17 20
28 10
36 11
40 2
39 15
5 26
59 23
50 10
41 26
58 19
52 3
33 15
34 3
41 29
13 10
28 12
35 19
13 6
37 20
41 23
24 29
7 32
27 19
40 7
7 60 1
5 55
25 21 30
6 11
21 14
3 13
21 17
17 4
18 5
12 12
23 18
14 6
1 20
14 5
12 20
8 8
7 19
1 17
25 11
10 19
13 5
12 18
11 13
20 6
24 15
1 5
3 17
14 12
10 8
1 16
4 4
7 5
13 19
87 47 14
43 42
79 15
31 25
11 23
5 36
11 37
52 35
39 16
36 34
40 32
59 28
31 16
62 8
46 15
36 75 29
4 4
17 41
9 63
10 64
31 71
29 43
17 27
6 46
6 58
30 55
30 74
23 9
12 13
16 57
20 39
16 50
31 52
4 48
34 74
20 14
24 63
24 59
12 60
22 53
34 64
31 13
8 65
1 17
9 35
50 28 5
12 6
43 10
45 11
5 9
30 15
41 70 12
41 35
13 17
5 30
16 16
37 18
24 51
18 59
5 6
41 11
12 12
20 16
15 62
30 91 1
5 39
62 26 16
3 22
43 2
3 21
1 21
21 10
47 8
46 22
7 26
38 15
37 7
30 22
34 8
12 24
22 26
62 11
40 24
82 16 19
20 16
39 16
60 4
9 16
58 8
70 11
5 3
45 7
74 16
82 15
72 2
80 5
61 7
80 10
60 9
58 4
7 4
63 10
81 9
21 16 18
4 2
6 1
2 11
4 14
4 1
14 4
4 11
19 10
12 5
16 5
13 1
3 9
15 7
20 12
19 7
16 13
6 15
3 6
50 75 11
20 64
1 66
26 25
8 33
35 10
13 23
27 71
36 26
19 2
21 2
39 36
93 13 7
30 5
37 6
52 5
64 5
23 6
71 9
77 5
43 75 16
6 28
12 50
13 7
32 51
29 17
23 2
41 69
2 59
20 21
13 67
5 57
3 69
41 31
17 7
15 36
39 62
64 35 28
10 26
42 20
29 22
63 22
31 19
38 4
9 6
25 20
48 27
13 5
26 20
54 29
59 2
47 35
12 27
41 6
60 23
10 10
46 8
9 11
21 23
58 31
64 35
45 24
13 22
12 10
25 6
20 31
14 42 22
13 18
8 23
3 42
6 26
14 25
13 3
14 35
8 2
2 33
8 30
8 6
13 22
14 30
3 28
13 20
13 37
9 19
4 38
4 21
7 3
4 31
4 1
15 97 8
3 27
1 40
1 62
4 42
1 36
6 52
8 20
3 7
91 83 15
34 59
62 5
27 35
48 34
70 15
80 44
32 36
4 48
8 64
39 36
65 3
27 58
27 79
88 51
12 62
68 29 29
53 17
49 25
14 3
61 4
39 5
43 18
15 7
54 1
22 5
67 5
60 29
4 1
12 10
36 26
17 13
55 11
41 23
30 10
44 19
46 20
68 3
59 23
4 7
42 20
32 16
25 18
20 19
37 2
49 24
93 65 30
35 25
57 21
31 24
71 19
55 48
53 17
68 35
86 65
13 57
93 64
62 27
30 63
91 9
31 41
60 46
9 53
2 57
65 29
64 50
90 49
7 22
5 14
3 21
81 48
44 22
58 38
70 36
41 30
83 39
59 19
84 38 13
59 5
78 13
36 23
3 24
73 18
32 35
70 26
24 19
80 9
30 29
60 32
10 32
27 34
85 74 29
22 26
31 48
61 42
15 38
25 10
38 16
33 22
81 5
54 57
54 22
80 36
8 66
12 38
58 48
50 29
31 71
33 59
9 62
31 64
33 12
65 73
12 15
23 21
42 49
37 43
82 1
79 12
45 51
34 3
4 68 19
4 8
2 1
1 22
4 54
2 9
2 64
1 52
4 18
3 35
1 49
2 34
1 40
2 7
4 21
2 43
4 3
3 68
4 31
1 26
11 22 21
4 17
6 15
8 21
5 7
6 21
8 6
9 4
2 14
7 7
11 20
1 9
7 21
6 4
11 10
4 2
4 16
6 10
8 11
5 1
8 12
4 15
67 47 18
17 34
30 2
17 9
56 38
27 47
4 6
22 46
36 28
46 42
18 22
38 13
25 42
60 4
11 16
26 6
55 23
40 41
37 38
18 57 30
17 2
7 29
1 17
14 30
10 17
8 17
11 14
7 36
17 43
10 25
7 24
5 34
12 20
16 17
18 30
8 26
1 14
9 55
16 47
13 50
18 36
9 27
13 15
14 40
4 26
2 51
8 48
18 53
8 49
1 22
95 72 7
87 19
76 34
41 45
29 1
49 8
1 14
31 2
87 1 30
8 1
57 1
56 1
16 1
24 1
50 1
61 1
64 1
32 1
73 1
82 1
7 1
4 1
21 1
35 1
27 1
10 1
12 1
15 1
17 1
11 1
39 1
75 1
33 1
13 1
81 1
68 1
80 1
42 1
31 1
44 80 2
27 15
22 24
45 65 23
27 29
2 40
14 64
8 8
2 10
36 18
20 19
18 26
6 42
41 33
18 54
22 16
1 35
18 62
17 11
30 61
20 28
9 29
37 28
28 20
37 12
33 16
14 20
7 40 28
7 10
7 9
3 1
4 28
1 5
7 20
3 36
4 21
2 35
7 14
1 3
5 18
2 20
7 27
3 13
3 32
2 37
2 12
2 2
3 14
6 19
6 2
2 3
4 27
4 14
4 8
5 31
7 15
99 94 9
65 31
81 24
1 41
55 26
35 41
80 10
22 49
99 55
36 17
53 13 20
51 2
25 9
1 13
4 10
37 10
28 5
19 7
53 4
15 11
39 6
4 1
16 6
32 3
13 13
31 4
38 5
15 3
33 1
52 3
29 6
33 70 14
17 6
32 43
4 7
12 26
27 63
33 10
26 51
32 66
7 25
33 39
6 50
8 27
10 55
21 4
28 48 10
7 13
13 39
23 25
15 6
14 37
8 30
14 10
11 3
20 47
26 27
11 67 14
11 51
8 24
11 36
1 57
8 17
1 2
3 52
3 5
5 3
5 9
2 42
10 59
1 54
5 61
22 9 3
18 5
17 5
10 6
28 66 14
24 49
20 9
21 29
11 34
19 62
16 23
14 10
22 47
23 9
23 8
11 19
13 8
3 16
26 6
3 23 11
3 21
2 21
2 18
3 16
1 10
2 9
1 17
2 23
3 1
1 22
3 11
17 53 4
9 11
7 20
6 2
1 23
64 59 3
48 19
36 51
7 21
13 39 25
11 16
11 19
4 2
10 6
3 4
7 15
5 13
9 13
10 14
2 1
1 11
6 38
3 1
11 20
11 23
1 25
6 16
4 28
4 10
1 1
11 37
3 27
13 12
1 15
11 34
45 8 2
3 8
12 5
70 16 20
28 6
35 5
61 14
15 5
54 4
18 4
43 9
27 1
65 2
12 16
60 10
56 11
63 11
29 7
11 9
10 12
46 4
8 11
69 4
3 6
96 72 23
58 16
61 11
70 55
56 46
76 17
89 31
91 11
71 25
47 7
72 59
61 59
42 47
75 6
37 8
5 68
40 14
76 29
40 1
3 47
22 54
80 30
52 50
65 27
35 55 7
28 31
17 10
25 15
23 32
30 33
4 52
1 45
26 30 27
12 8
15 2
8 30
17 3
20 11
1 16
20 12
1 20
26 29
22 25
24 5
19 26
10 17
21 17
22 23
17 22
8 5
3 17
1 27
4 28
12 16
15 17
5 29
6 7
8 2
9 11
18 1
78 78 18
24 52
57 58
44 66
68 48
44 58
50 65
9 21
76 41
61 30
71 78
63 51
61 40
61 69
8 66
18 37
47 41
38 25
49 3
73 56 18
59 3
64 24
12 2
48 50
28 10
21 2
65 15
20 4
35 20
60 50
30 39
52 23
57 15
6 30
16 12
30 12
50 49
2 44
70 90 15
36 56
20 71
16 52
34 5
55 69
50 6
61 28
70 62
14 22
4 15
28 52
14 71
70 30
58 21
12 50
65 29 15
49 27
17 19
55 16
37 12
5 3
6 7
23 7
55 8
35 25
38 15
60 9
25 8
23 4
19 26
6 13
25 46 12
16 45
13 24
21 5
25 41
1 10
4 21
23 23
18 35
2 24
20 16
6 14
7 6
74 32 14
56 25
28 25
48 10
74 17
40 9
59 4
13 10
35 29
17 9
60 29
7 5
36 32
15 27
31 8
32 43 30
5 34
21 11
18 2
1 27
27 32
29 43
15 11
27 30
28 38
14 21
7 43
17 29
5 11
21 5
11 27
9 22
25 7
12 32
27 23
13 20
20 32
19 29
14 1
13 36
15 1
1 33
12 38
28 36
29 13
28 40
35 76 22
34 49
28 9
33 57
18 75
29 21
2 62
30 33
7 76
5 68
32 21
11 9
34 59
17 39
12 32
25 65
20 76
27 2
6 75
25 17
31 47
5 10
30 63
7 54 24
6 23
5 12
4 10
3 47
7 47
2 14
3 15
6 27
2 46
6 16
3 10
3 48
5 7
5 16
1 45
4 16
5 1
1 54
3 11
4 47
7 2
1 12
4 21
5 51
10 2 7
2 1
9 2
3 1
5 1
7 2
6 2
3 2
63 75 29
6 25
48 73
47 14
21 5
59 68
14 65
29 63
39 12
36 73
63 47
45 38
61 38
35 40
30 33
47 8
55 74
20 7
30 58
5 5
27 25
16 26
3 44
40 15
44 11
32 33
24 41
52 31
21 23
50 36
83 52 29
20 42
47 36
74 43
37 6
49 15
59 2
46 7
79 25
16 10
29 22
7 14
45 3
4 11
29 38
21 25
57 13
28 7
64 29
26 10
50 32
39 18
50 41
71 12
3 30
53 45
30 32
40 35
64 52
32 35
14 54 10
5 18
13 43
7 19
11 27
8 21
1 44
8 39
9 41
2 18
3 50
47 80 26
30 25
8 78
19 54
12 63
41 73
5 21
6 4
29 44
22 22
7 32
3 68
9 79
39 26
32 55
10 26
15 65
45 12
1 45
9 77
24 14
41 62
33 63
35 31
30 65
32 27
32 10
66 15 30
35 5
58 7
40 11
52 2
61 6
35 4
36 4
58 8
5 7
59 14
40 15
59 7
29 4
26 4
41 1
2 14
59 3
17 6
34 14
36 7
13 13
7 15
8 2
37 6
26 5
60 1
57 9
15 12
32 3
18 7
31 78 24
26 52
14 41
25 74
31 59
10 35
25 29
7 13
12 14
31 72
26 43
22 59
19 10
1 48
9 11
20 28
10 37
1 23
25 26
15 5
26 55
25 63
28 66
26 57
10 31
28 24 29
13 6
2 22
3 23
20 23
27 11
1 14
15 15
24 11
13 3
5 13
21 13
2 6
23 6
6 12
25 17
10 9
26 19
22 9
14 17
23 12
2 5
27 6
19 19
3 16
25 10
5 2
17 9
15 2
17 24
25 74 26
16 6
8 69
6 1
23 6
8 52
18 26
4 13
12 54
25 3
24 51
4 32
10 33
6 62
10 9
17 58
9 31
8 37
1 2
16 11
14 1
3 35
11 69
21 61
11 57
25 60
8 13
75 67 23
32 41
39 46
1 44
49 9
30 65
9 41
34 63
57 31
60 61
46 25
12 8
3 61
45 26
40 48
38 18
53 43
41 27
32 47
63 46
2 17
23 42
62 1
70 7
66 81 11
7 57
43 23
8 47
43 73
47 73
32 69
3 61
45 66
45 47
6 60
25 47
31 54 16
29 31
31 6
30 14
5 33
8 42
23 5
23 7
24 44
25 40
24 6
12 44
8 35
10 7
14 34
3 8
12 11
32 2 8
11 2
29 1
10 2
5 2
2 1
13 1
9 1
12 2
94 93 14
28 17
7 22
7 30
52 89
61 86
39 6
22 75
87 25
57 50
74 8
61 93
7 84
21 61
73 90
10 77 14
2 42
2 39
6 63
5 51
7 59
7 22
7 4
4 41
4 31
6 43
2 51
5 68
6 11
5 53
41 3 9
35 3
12 2
1 1
14 1
7 1
2 3
11 1
2 1
8 2
71 47 15
62 14
29 28
44 39
43 39
10 8
28 18
33 12
50 14
40 47
7 37
22 17
23 11
3 1
35 46
52 31
73 48 30
51 25
16 47
29 10
11 33
37 16
26 24
50 27
9 39
34 33
44 3
59 4
11 44
69 3
18 32
51 18
70 15
9 30
42 40
61 19
18 17
69 37
56 27
58 6
54 34
31 5
15 28
32 45
14 32
62 18
11 1
71 62 3
16 35
41 8
18 31
76 29 1
28 18
25 11 24
25 3
14 5
13 10
5 8
4 4
18 2
19 11
15 5
5 6
21 7
24 6
14 2
5 7
5 10
23 6
4 6
7 1
5 11
18 6
14 10
9 8
15 10
6 11
13 1
82 10 24
7 9
29 6
69 5
9 10
36 9
65 1
26 4
31 4
77 1
15 4
58 5
54 5
10 4
48 4
70 3
47 10
68 3
7 4
2 4
21 3
28 10
5 3
73 8
12 7
10 65 1
6 34
44 72 10
5 37
43 4
23 48
21 62
2 48
5 23
39 52
28 44
7 54
16 51
3 18 13
2 4
1 6
1 2
3 13
2 7
3 7
1 9
3 4
1 17
1 14
2 9
3 11
3 14
22 97 1
20 55
15 23 13
5 7
3 19
9 18
6 9
13 1
14 2
7 1
13 20
6 14
7 14
2 18
1 4
1 12
38 48 5
30 12
3 26
31 3
2 21
34 16
19 94 27
15 50
16 12
16 74
15 71
10 6
7 30
14 40
15 37
5 91
1 74
5 3
6 19
3 37
17 23
13 30
3 28
17 20
10 86
15 35
5 7
3 48
19 35
15 69
9 81
17 50
10 60
7 45
76 21 9
20 20
68 13
74 16
24 9
6 1
43 11
75 15
10 13
41 16
85 55 7
20 44
3 22
29 23
40 15
70 15
25 46
12 32
43 50 3
30 17
34 18
16 10
64 34 14
56 19
42 24
39 13
41 25
10 14
8 13
39 25
47 22
58 24
29 10
13 13
19 32
1 12
64 32
43 33 27
9 31
5 19
16 6
15 11
17 9
39 2
35 12
39 28
22 16
6 32
2 30
35 30
40 16
27 9
35 9
28 9
17 10
39 4
41 6
6 1
6 19
14 4
7 4
26 20
21 22
38 5
33 27
6 1 4
4 1
6 1
2 1
5 1
57 10 30
43 2
5 2
16 6
45 8
56 5
48 5
9 9
28 4
26 8
32 8
50 4
40 6
46 10
8 8
47 2
20 5
6 4
41 4
3 1
21 10
53 5
12 5
23 7
44 6
37 6
16 2
17 3
32 5
40 8
19 9
61 64 26
5 27
19 11
44 64
27 52
36 8
43 48
6 18
42 45
54 42
24 60
33 26
22 6
4 24
1 4
20 11
45 1
37 10
58 35
54 41
6 14
23 46
8 21
35 19
48 34
56 16
46 45
25 1 10
18 1
20 1
3 1
17 1
16 1
11 1
6 1
4 1
2 1
1 1
48 20 8
37 9
11 20
2 5
27 18
5 11
30 10
21 16
23 16
29 13 9
1 2
5 1
29 5
15 11
23 2
29 13
4 5
17 3
2 9
4 96 10
2 69
3 54
4 17
1 84
1 46
2 15
4 45
1 10
2 28
2 57
21 14 4
2 4
17 2
11 8
20 9
30 47 13
6 10
12 44
30 16
4 42
22 4
19 47
1 11
29 27
20 35
21 40
18 42
3 23
9 43
50 20 3
46 2
30 14
25 15
66 58 28
63 10
53 41
9 7
44 50
62 21
28 8
37 45
56 53
28 29
44 33
30 38
26 15
55 1
61 43
44 27
2 50
22 50
52 24
42 17
25 5
11 3
40 5
29 42
9 38
26 22
60 19
39 49
25 37
52 59 11
27 19
30 14
36 11
50 40
44 8
22 41
17 52
16 18
47 27
42 18
48 33
40 56 18
20 50
37 35
28 11
34 21
13 40
12 13
25 49
29 11
27 44
4 36
19 39
14 55
8 6
18 7
29 5
11 24
22 39
35 42
49 80 26
44 11
36 50
16 66
49 6
28 1
32 47
10 15
29 50
30 42
21 5
47 56
47 53
35 37
5 79
3 18
5 26
28 4
17 55
31 56
7 64
5 68
7 27
13 55
3 48
26 41
46 57
13 32 3
12 18
12 21
7 19
57 41 21
2 11
33 10
48 16
37 16
27 31
6 24
32 14
13 3
55 25
37 26
20 22
26 27
36 40
10 19
49 22
18 25
15 25
54 8
8 20
55 33
53 34
42 67 24
42 20
7 55
26 13
9 52
17 24
29 21
26 41
9 32
35 48
25 4
32 4
23 14
8 2
13 52
33 25
38 47
8 15
31 65
14 8
41 65
26 49
34 3
5 55
5 1
80 71 30
44 41
15 41
35 5
26 16
26 27
7 44
60 24
18 52
26 22
7 31
20 67
12 52
60 35
35 15
37 52
28 57
23 19
1 1
27 8
2 44
58 60
60 50
33 65
79 45
63 24
68 31
59 3
24 8
80 56
18 51
