29 8
18 4 34 32 38 43 24 11
39 13 14 4 39 28 16 15
25 1 14 39 4 26 48 33
10 10 40 16 22 32 31 48
6 8 18 23 48 45 37 47
47 34 11 25 12 18 26 27
46 27 39 16 16 15 15 36
18 1 33 41 17 9 37 34
39 28 35 7 8 46 8 6
49 23 37 34 20 17 17 12
10 33 12 6 13 39 38 17
14 26 41 49 28 15 28 6
28 28 18 19 49 42 35 7
14 34 23 37 20 18 9 15
7 23 18 39 45 45 3 11
24 6 24 17 13 44 39 12
46 4 1 29 26 31 38 2
31 22 28 40 38 48 41 47
49 44 34 36 28 35 11 46
49 43 9 22 44 25 26 16
20 9 18 3 2 2 35 26
49 19 45 27 35 5 20 25
43 9 18 36 6 19 23 31
42 41 28 37 4 16 45 43
41 11 44 33 34 28 44 49
8 3 36 15 40 43 12 21
5 29 32 6 26 47 1 49
37 21 11 41 35 40 2 2
22 34 14 22 23 13 23 31
8 7
22 9 23 44 37 8 24
45 30 8 43 33 38 8
43 37 19 40 5 44 25
45 9 43 33 7 8 26
34 42 45 5 14 34 2
40 15 44 9 35 44 48
38 37 30 32 39 14 13
3 21 34 46 4 6 20
23 6
45 11 49 41 7 4
7 11 37 19 38 36
10 14 25 14 26 45
8 6 43 25 11 31
20 12 48 21 11 49
6 21 11 43 27 3
23 2 21 29 2 8
44 32 48 14 34 45
39 8 14 14 49 3
14 16 33 27 7 3
35 48 43 22 25 30
44 34 44 24 6 35
42 44 6 8 10 43
41 9 21 12 29 35
48 47 21 38 32 5
28 11 35 38 37 42
9 4 16 10 20 25
1 18 29 24 30 11
1 49 12 28 20 16
49 28 38 40 47 15
36 48 32 17 12 7
24 15 41 10 35 39
40 8 11 12 25 36
2 2
25 48
20 5
5 6
27 29 30 33 20 9
17 23 29 16 35 13
12 25 36 41 16 16
47 26 44 7 33 49
49 28 10 23 13 5
20 5
5 32 3 11 22
5 38 19 5 30
19 33 28 15 40
38 9 48 45 27
16 15 34 11 28
13 37 14 18 29
35 37 34 4 14
26 42 36 26 19
44 15 17 23 13
10 46 49 20 44
5 3 24 16 13
48 19 30 39 26
26 8 47 35 31
23 5 16 2 44
23 23 7 19 10
39 35 28 8 36
31 49 34 10 25
1 23 47 26 20
33 14 22 39 3
7 42 36 47 39
1 8
6 44 34 22 33 30 11 5
12 5
27 44 22 28 4
37 38 34 5 20
24 27 42 28 43
45 37 12 17 22
38 37 6 29 24
35 47 33 46 14
22 24 27 40 10
37 25 39 42 6
28 16 12 28 6
19 49 6 12 20
4 48 26 3 45
40 22 48 1 26
