4
15 97 42 7
90 62 72 67
29 90 63 81
100 68 33 18
2
1054 14353
41752 94651
6
6 5 1 5 1 5
2 5 1 5 2 7
3 6 8 8 8 1
5 1 3 6 4 8
3 7 8 5 2 8
2 9 9 10 6 10
3
964 556 1182
4507 685 6878
7947 1836 4192
2
9353 4464
2747 4822
6
34 22 99 70 62 51
34 21 46 70 93 21
84 1 70 86 14 45
13 34 58 91 76 11
56 87 1 95 29 53
36 56 89 61 12 19
2
455 327
529 432
5
24248 21043 24805 22750 81271
43268 61167 98572 21473 35962
5270 64215 4224 80082 79742
13289 62033 99950 9019 48729
86510 86104 49975 61645 94096
5
2 7 7 8 4
7 9 9 7 3
10 5 2 9 5
3 7 10 9 1
7 9 8 7 6
4
8 1 1 8
7 8 6 2
1 3 3 4
2 9 4 1
2
517649 276919
795015 436881
5
47 11 29 23 3
30 43 63 66 70
80 79 59 58 36
72 61 23 62 79
99 60 4 100 42
2
2674 2577
4202 6191
5
83 48 86 76 70
16 95 30 80 56
86 1 63 92 81
60 94 76 14 31
83 33 53 97 89
3
306180 342873 414768
391058 76316 310666
297418 961562 725280
6
3860 8788 3958 7291 9056 5944
5231 8201 4523 7524 5478 2980
9301 7228 5850 4486 2460 8285
2351 9962 6384 331 9377 7629
3939 5329 3187 2353 311 7975
4704 2845 740 7839 3848 840
5
535394 843451 637245 278040 973749
539064 183462 401941 495986 619023
896283 663216 515336 125885 972521
589854 891158 356214 17068 421877
705370 263810 566608 743561 37226
3
52155 55531 922
4443 44852 76083
37706 98848 57461
5
312426 590550 749586 689448 345299
575286 772592 603566 982100 310177
851602 498826 375346 490944 707843
254492 988695 498083 514839 989904
709193 529171 631733 357436 775612
3
6 5 9
8 2 2
7 3 7
4
63 48 99 44
61 93 14 31
50 73 68 15
56 12 81 52
5
273911 85384 922309 559933 117348
481852 432418 711072 881003 588897
391789 508880 739535 651029 872931
757567 463666 666379 698687 189476
499683 745906 591003 701609 641431
2
67 78
81 76
5
5608 6447 3350 6680 4609
299 8293 7237 8139 7962
6828 3365 623 2663 582
167 9988 4045 3341 2679
8615 2173 8210 3383 4611
4
8 7 3 8
9 8 5 2
1 5 1 1
5 3 1 6
4
4727 4995 8468 4518
8575 167 5502 6624
7586 7719 4484 6387
9209 7092 193 5839
4
456571 895693 325158 845424
209921 398911 298167 419432
538376 231587 762651 441318
869160 743717 429115 236058
3
7578 760 6030
4762 1870 9643
1263 671 2298
4
955 532 724 8
409 263 705 402
724 589 85 274
345 226 707 713
3
704656 558992 639212
823968 768562 617555
728971 67774 103170
6
6516 9354 7737 9479 2502 7116
1317 9689 8698 771 2175 3732
3591 7111 400 4544 6474 676
9266 7560 2293 197 294 5191
6538 2520 2341 8826 128 7905
2937 1817 5772 8444 3166 6765
6
20 48 14 8 4 98
43 6 16 77 74 40
19 21 14 79 69 1
67 5 27 40 94 59
25 52 98 45 58 35
49 79 64 51 11 56
5
65 66 54 65 44
57 85 99 21 65
45 53 92 100 51
99 29 15 56 22
19 18 65 39 73
4
157306 780560 79953 932326
396381 462253 818631 683317
313731 450072 790278 225889
815898 826230 184170 730146
3
723601 382535 684833
816693 748524 617682
335266 515238 466255
6
274 4011 9160 7404 2919 3872
4823 5389 2618 7569 9518 7161
5769 250 2348 4048 4616 2232
6005 8028 3129 3429 3843 7165
5684 5638 1245 2559 8165 2829
1348 7328 6143 4409 5959 6392
3
2 5 7
5 3 5
3 1 10
6
7 1 4 10 8 3
3 2 5 4 5 4
7 6 6 8 8 7
2 1 1 9 4 10
9 1 6 3 1 7
10 5 6 3 5 6
2
61567 2241
85050 54833
6
669 656 869 356 179 387
412 175 199 869 979 31
931 606 341 611 80 740
939 624 345 836 93 733
862 817 906 77 317 177
903 109 123 674 54 956
5
79 219 707 272 613
278 874 986 823 147
532 554 808 743 408
780 842 725 451 87
354 14 890 927 640
6
79 87 43 32 38 99
92 80 72 97 28 35
63 79 78 53 36 91
75 82 24 72 85 38
92 22 23 86 55 65
60 35 30 79 52 22
2
100 61
29 48
4
519603 418221 631602 576887
330729 542757 407183 324501
825967 955713 785243 760269
670967 251906 810865 697555
3
626 158 680
61 749 896
806 845 880
2
697 205
838 366
6
70 28 96 19 19 50
74 67 87 98 46 67
20 100 51 28 91 37
92 76 15 40 88 64
68 76 31 64 2 28
82 46 46 4 23 25
3
474 5902 3238
1486 2386 4636
6550 657 1504
2
55 72
11 51
6
6319 4917 3644 5900 382 3520
7987 2932 9730 9395 4285 23
3807 2660 7774 6154 275 7652
8471 3135 5497 2988 7792 9971
4143 8556 5046 9279 9765 8267
841 4127 6722 2665 6002 137
4
91 17 12 89
4 68 34 28
32 75 96 54
92 75 91 40
4
9 3 6 8
9 1 5 5
10 5 4 10
2 3 7 1
2
16 75
97 27
2
86382 57288
5583 84225
4
7127 2273 961 6970
5179 1315 6549 2430
4618 1344 3777 3446
3529 8360 7861 5773
3
38791 16361 74454
33738 43232 49336
52822 79171 56254
2
614 188
545 68
4
46428 38730 97487 79588
39171 7197 77542 14785
88171 95238 43531 63843
13689 19058 34521 94904
5
59 851 810 615 388
246 615 693 771 801
184 982 217 291 949
978 49 892 551 296
287 423 351 354 306
2
9 5
10 1
4
985907 430563 116983 742049
763578 534607 125486 55946
653086 552951 42725 740952
718553 122442 749512 504150
4
4682 5071 7292 4425
5477 2819 509 7775
2781 7931 9405 5456
2358 8286 1759 4307
5
290 704 563 297 390
584 124 633 250 465
405 85 875 471 439
938 402 517 561 432
246 529 534 442 543
3
55657 19039 56453
6315 97330 34730
17374 11842 69715
3
8558 4762 3660
6722 2607 852
869 7310 4507
3
553 905 770
7 419 150
954 948 674
3
956208 15864 112847
209007 138313 44556
607664 265206 326397
3
25926 72729 63054
3283 91500 14625
32186 80969 78556
6
55411 722316 997738 330174 675747 742732
233659 291299 907216 229728 330530 130015
381515 193216 697100 438962 628730 517321
525890 992090 35179 148726 283241 305121
256686 549726 23923 578659 333188 493659
914270 864572 599816 374915 423362 985146
3
27 60 55
37 28 67
18 29 68
3
184996 236088 47818
50456 688825 295696
659050 616189 83848
4
244 952 636 398
176 356 468 908
349 424 741 820
115 926 617 704
3
4790 7443 1622
8987 2513 5839
637 8057 1081
4
65 31 52 60
54 79 97 59
13 66 51 30
61 18 91 38
3
8050 4017 9046
4991 3899 3958
627 6900 5314
6
2515 5639 6280 6112 1277 8372
4264 9601 1206 5740 9664 6478
6240 7502 5400 8855 9695 7812
7321 6077 881 5559 1751 7285
9199 3968 6889 6647 3658 5126
8121 6200 2072 7904 8037 4558
6
472823 661794 238028 162176 700612 664073
611235 662239 373948 470976 976612 855445
456411 218681 918160 625439 903957 105404
652736 844724 777644 600234 93488 32389
531086 948335 812782 715174 371736 410590
330556 210341 959185 706773 41446 160231
4
16382 98150 96340 18221
56554 70366 47518 74752
22284 82941 22374 8140
43632 22888 67643 60783
6
782194 142767 167380 411982 325755 211459
318564 528524 96230 70597 367382 533107
982525 397001 134821 624520 976528 282809
976007 463506 66335 627131 656145 875551
317339 440174 672755 314996 992000 163339
552707 672998 362989 559618 592999 769825
4
54 92 41 68
99 10 20 81
34 38 29 94
45 77 76 53
4
84 43 5 7
45 49 6 36
35 2 59 50
39 49 22 26
6
33 48 46 36 1 42
50 65 39 28 40 28
54 36 28 91 32 72
29 95 59 39 27 75
59 50 56 100 90 38
39 46 53 57 1 65
2
7073 1545
4627 3008
4
8 1 1 10
6 10 2 7
4 2 5 8
7 7 2 10
2
93063 24847
15638 49284
3
20 24 29
82 46 31
10 22 81
4
72 87 64 2
20 50 61 100
50 13 23 82
36 35 38 96
3
25 96 91
39 6 75
80 96 74
6
1 7 4 10 6 10
10 5 7 7 2 9
5 8 6 10 10 2
3 1 4 1 5 3
4 1 8 1 3 5
2 4 5 2 4 8
6
163 606 271 466 107 472
914 680 198 572 987 567
632 376 740 560 272 576
960 565 724 144 138 245
404 557 240 270 8 316
183 602 225 378 973 247
6
16617 1414 75236 38547 47511 15117
4204 92245 31473 10184 45602 49744
84596 67272 11464 91753 5464 91167
24302 51238 92745 87798 13234 56854
35144 2164 50625 51946 27975 66779
76579 92338 61444 56676 6301 23811
3
5316 7675 9418
2080 3398 3140
8778 7187 3131
6
385 561 578 634 917 203
30 860 334 182 575 975
535 888 676 581 430 765
532 559 982 499 294 742
21 740 47 691 942 862
585 678 949 763 697 479
5
88 85 79 84 5
38 25 77 32 56
2 51 49 65 61
100 64 49 6 75
29 100 89 93 20
6
2 6 7 6 3 10
7 7 2 6 8 2
10 8 5 8 10 9
4 2 3 4 10 7
8 10 2 8 8 7
7 3 8 7 10 1
6
6732 8540 1513 5760 1249 496
7209 348 5868 3400 3877 9971
6502 6669 6927 4445 6882 8551
7326 4173 2646 9509 2809 7730
5799 4574 677 4765 527 7530
4136 9040 1236 4942 3583 8157
4
88 21 43 56
18 80 95 19
23 66 53 81
60 4 1 73
2
45 25
77 94
6
389506 889675 905833 451656 183569 662528
111031 522419 822815 611197 407235 965483
369491 22266 705170 65032 656946 544359
662056 532660 598603 45130 813229 784234
665806 736254 357027 289240 647966 313541
970887 203850 123530 315891 122143 196834
4
65 83 56 74
78 40 16 54
11 43 63 28
66 51 54 62
6
50 77 50 12 72 28
41 90 72 35 46 43
63 5 10 67 46 55
1 42 93 52 8 8
23 12 18 79 95 42
67 25 74 54 33 93
3
410586 421057 767138
567894 307210 833257
562710 445514 631778
3
753590 847286 346960
63435 187296 130955
615577 788785 543333
6
30 40 14 40 37 76
39 56 43 46 41 11
79 69 76 60 25 2
1 84 93 54 70 64
52 90 66 47 96 64
100 88 37 51 70 88
5
91876 18685 26291 91530 57516
85601 69448 87245 79821 18544
5942 79746 64808 83323 78617
83193 89041 66521 78210 72403
74416 78963 6803 92805 62662
2
294 696
817 434
3
299 136 627
329 695 872
586 246 201
5
1 41 89 13 65
26 66 77 17 55
52 41 45 60 24
41 29 72 23 19
31 19 84 88 34
6
867632 71421 938168 94533 601514 962087
347769 653658 618499 408264 348676 667393
3321 271611 1474 391355 116166 480700
869233 613395 402044 840784 964912 171183
444418 378933 558498 331982 646173 723068
645903 119668 748254 333220 854886 314641
6
10 4 10 10 1 1
7 8 3 3 10 2
3 9 5 2 9 10
2 8 7 5 8 5
1 10 1 6 2 6
10 1 3 7 1 9
3
5 4 38
88 38 34
40 81 19
5
85 13 45 86 59
45 42 31 12 60
64 37 57 83 14
48 51 69 5 79
31 33 39 52 21
4
71 99 37 18
94 38 50 65
2 92 81 94
87 7 92 35
2
8 6
6 9
5
630230 967096 855661 125799 602643
22473 373044 751640 50540 27979
342800 26138 266933 223839 872743
998710 770406 672700 843887 47849
468769 31463 182077 516386 988252
3
7560 8168 2023
4753 4676 2304
4550 8041 519
3
419 5314 6667
6143 9778 8556
3316 8368 8965
3
111 769 962
370 754 582
964 189 192
3
67329 44774 17671
28716 80357 99374
48000 35478 90604
4
41925 46512 62707 7598
60273 82447 98620 50383
22918 35888 49446 66432
7627 31576 76014 88986
2
51 84
52 77
3
68 94 19
74 61 5
8 26 87
3
280811 179774 105828
910317 107100 298569
665972 943946 51653
5
142 153 288 37 250
604 30 201 121 313
937 514 82 115 117
804 555 319 745 802
200 972 736 784 527
2
25 73
7 91
5
4 7 1 6 6
6 3 9 9 2
6 2 10 5 1
9 1 4 7 1
3 1 3 9 2
2
321736 339719
16638 943949
2
85 87
68 37
3
70349 68391 38946
89949 7849 31170
40822 51367 33434
4
39768 60244 20144 50510
83106 15086 86181 64318
16275 29768 87069 72319
72602 8100 44497 12618
3
1 3 4
1 9 8
2 6 3
4
25 18 42 38
62 99 19 72
82 55 36 48
63 65 57 22
5
10558 54056 8121 19858 1002
6060 89066 72865 26487 60534
83710 59387 29394 38973 96983
16938 67880 85665 64492 17933
14689 64481 70600 87560 34514
5
567 275 802 108 670
936 87 570 748 945
566 503 579 12 113
111 751 367 437 885
135 442 712 577 450
4
88 61 3 51
21 76 68 40
50 82 20 71
98 68 59 60
3
17 8 42
69 23 69
36 57 8
3
39 995 580
458 906 339
336 332 952
4
5699 9295 7540 6331
6816 9173 1507 7624
1140 8450 9667 5389
871 8536 4399 7697
5
47822 14022 68947 63573 23917
39769 70893 70262 56190 98305
34670 342 78321 40875 61395
88845 58914 9214 3600 22570
98680 8350 5354 95750 52157
3
420948 427593 764426
842389 598075 356874
637497 938424 785994
3
801466 337550 109505
805249 96658 923862
950023 421337 8912
6
3 4 2 1 8 10
5 10 6 1 4 7
5 1 5 5 1 6
8 6 3 10 5 5
8 5 1 1 2 4
9 9 3 10 7 7
4
10 6 2 2
3 10 6 1
3 2 2 4
6 5 10 7
5
658499 288503 506906 586009 125960
867237 536254 302289 494374 131696
449206 910627 323087 720024 837817
995108 409019 469979 823438 227333
434772 631633 223632 85441 542711
4
33 79 20 66
5 66 91 3
28 70 90 17
4 34 20 94
6
22 71 91 62 14 95
55 90 39 84 94 43
98 2 55 83 9 9
100 23 66 69 82 48
44 84 66 46 94 14
100 66 60 79 71 66
2
205 511
612 202
6
97067 69008 52793 55684 27261 71958
4532 90789 83131 75719 67806 33884
39957 90759 76091 79781 5344 21143
83282 313 50799 24798 51420 99421
29773 44338 84963 37812 31105 3708
79630 87502 84293 62803 64346 85819
3
6 1 9
9 9 9
1 10 1
4
1 10 10 10
6 4 8 3
7 5 6 5
4 6 5 1
2
9 2
7 2
4
5 2 7 2
3 4 7 3
9 10 1 6
3 1 5 8
6
438378 596176 524085 766589 638368 394338
392809 824677 357330 302659 904141 976716
188966 256241 529584 233549 70290 164293
861964 273346 793229 75451 539538 910255
264254 722031 481484 405357 190669 807487
425439 625578 878026 5790 378427 131771
3
1246 7438 1767
306 9137 1789
1068 6633 4298
2
749 698
859 578
2
37820 65966
460770 221211
6
35882 88835 71950 55065 52565 22469
98804 90069 60351 96765 56965 42283
28038 692 62027 24978 67095 33577
70522 29860 81840 97759 93642 61107
69640 60828 7253 5056 20908 89505
94492 36811 47233 62911 71016 13245
3
29764 6646 19617
75815 39459 57617
39313 43138 85225
4
76 59 56 12
50 7 54 97
33 51 86 60
14 97 6 92
3
36 95 23
97 90 68
35 48 16
5
193 807 550 224 82
621 242 6 866 670
471 158 996 477 178
265 83 202 622 659
977 657 736 899 137
2
1 49
46 36
2
286 972
325 967
5
72 18 19 56 55
3 71 30 71 45
25 60 2 66 8
82 31 96 17 34
26 62 3 50 58
3
54976 94679 37243
20066 7661 8453
271 31673 74249
5
170468 93723 566606 512622 531705
211432 639191 647118 370231 396359
863733 143956 368435 394807 150715
851510 555548 613917 313423 779485
188591 545088 757719 271870 268793
5
7059 8879 6379 4750 291
9693 140 7680 8339 1239
9889 1905 1719 1766 5274
1421 6438 9551 9903 7915
7151 7536 708 3866 2649
2
96527 63753
56841 11904
6
7 7 4 3 9 1
1 7 10 7 6 2
6 10 8 5 8 6
3 7 6 5 3 9
1 4 8 6 8 1
1 7 10 9 7 7
4
64209 19191 84854 14092
40005 73517 81118 31072
18444 90427 65886 23335
71423 13057 43421 50234
3
55 202 895
127 839 558
508 970 514
3
73 86 11
15 18 5
38 21 82
5
49968 80943 75792 74101 72147
11389 70672 20047 32596 39109
88428 70186 14429 60162 2684
31633 13178 94520 26536 48729
19757 34328 46882 20127 33770
5
8 6 2 8 6
4 3 8 8 6
5 7 6 5 9
9 9 10 7 10
3 9 3 1 8
4
9082 3064 426 2422
7936 6174 2807 9168
3013 8171 6571 9355
1847 4704 6864 2402
3
994 686 39
659 654 913
752 486 689
2
65597 10203
47098 9417
3
7934 2524 4945
3319 4708 1881
2639 7766 6004
2
66105 19978
68909 36255
2
613671 826975
871171 427422
2
711329 981766
817670 923170
2
95 39
32 9
6
1 9 4 7 8 7
6 8 9 9 7 3
9 1 4 1 1 9
9 8 4 7 2 7
2 6 9 5 4 9
6 7 3 3 1 3
4
86726 20818 37195 16370
37187 77038 95429 32031
94485 24911 1694 55194
1795 50173 24570 24002
3
5 3 2
6 10 10
4 2 9
6
8 5 10 3 3 5
7 9 9 1 5 9
5 9 6 1 1 2
10 8 2 6 10 5
5 6 4 1 8 8
4 4 2 10 2 10
2
491396 753175
580262 357427
2
7615 8706
9658 6307
2
5 10
8 6
3
90451 76559 82338
84471 47738 1993
94280 13605 62104
3
2048 3771 326
3773 8110 5926
3826 8971 5207
5
693 443 82 683 989
997 298 851 769 724
824 846 71 19 917
179 236 21 412 12
446 285 464 870 690
5
798 889 662 260 285
77 586 100 685 213
222 163 524 122 537
689 158 233 446 806
14 967 955 29 942
4
596625 344496 101023 45746
658411 791593 183646 526311
133906 560393 678557 701436
651925 188975 402671 5934
5
58 50 33 20 41
46 100 41 38 5
12 38 9 1 70
38 30 54 67 61
38 91 48 62 84
2
519616 47773
600558 277481
6
77567 29789 38571 92844 32332 92823
89170 81952 58563 23199 88160 56600
68317 60073 58655 97868 98042 33295
75694 2515 63007 5563 15122 52903
29673 35085 75804 81991 64804 86936
91415 23216 87417 53448 21923 70400
6
622 91 93 144 893 624
954 19 426 292 50 641
522 423 608 302 492 873
842 724 876 786 446 102
669 822 266 24 50 440
741 798 912 226 556 439
4
485874 578394 972456 799402
813457 355257 850892 612773
232204 661785 923864 301049
340821 671159 564983 630030
6
273616 756806 416056 583280 36760 795101
702688 348392 749917 129666 82636 511620
927847 927941 983121 993161 142119 997602
541872 102463 527158 55585 871091 364987
118365 129536 613255 586170 334386 764421
934639 705193 319251 843647 864314 472664
2
6419 9986
2911 8964
5
3 2 9 9 8
3 10 5 9 7
2 10 9 5 4
5 4 8 4 6
3 1 8 4 4
3
574271 748624 332340
547491 548446 922028
300493 912794 806378
6
7988 6378 4415 5499 3567 9772
1045 8920 8276 8823 4762 7374
2494 3540 479 7891 2414 8254
9931 9514 8903 5057 1437 3591
7532 6078 5210 4819 2435 9761
3423 2781 5533 5064 4436 4012
3
7970 6979 8181
9026 2846 7935
8440 161 6838
6
683873 718425 26309 990671 225974 558497
744890 566176 563186 600693 391667 679399
396765 821078 764558 21402 97170 412930
195060 563830 906403 789375 270454 539042
630892 506571 461121 360073 422535 283132
690852 829760 747740 746956 982882 853728
4
34456 3548 3637 50254
29044 68260 98994 26738
43168 48581 97263 63242
46298 12388 64636 4023
2
663173 950667
575250 699024
6
360020 928659 434203 220320 150067 84145
372954 788291 873503 472433 68543 139942
428838 994182 984675 352598 275517 748681
473068 572781 30113 566524 803662 777266
148042 246329 52149 283238 676877 163704
205405 901124 892358 465389 601713 741681
2
822 295
836 938
4
99190 72554 34073 81906
63358 84443 89933 72512
28080 73441 52149 25341
13866 25437 9985 61420
2
882 345
787 888
6
62474 11138 2759 17881 38675 73948
5936 55503 95319 5747 15594 1448
55097 41418 88113 17727 25941 1493
8977 11105 51194 15264 15691 40887
41479 56875 1442 46483 92833 56742
35752 14788 88042 27959 699 84408
2
99 64
34 88
6
88181 46110 63168 28552 38354 91168
55009 60636 49194 36072 67049 52047
44904 62951 28819 86417 23173 5843
37920 20315 10196 77369 66537 45141
12949 27393 57457 22014 68166 64411
11129 34342 36852 72053 78806 72722
4
4784 6952 7749 5790
8981 6135 3472 5443
9937 9983 7754 8455
5248 528 2638 4987
3
94 127 139
423 944 345
386 93 111
6
303801 176966 110499 959857 495406 106169
64531 359007 661895 145007 995083 13081
480064 586236 481059 50543 357225 732169
313379 878501 901176 80659 665701 71264
396383 796991 876845 855763 279663 460584
491094 285698 673903 199398 342652 504031
6
9 2 3 8 4 3
7 9 1 1 10 6
1 10 9 1 4 5
3 9 2 10 3 1
6 9 7 5 9 2
5 7 6 1 6 6
2
6 9
6 1
5
6731 76678 77776 27796 90145
64389 83530 58794 68903 6693
2670 88583 20383 53108 2790
14960 40077 32128 11037 73121
24859 56665 84688 7298 93990
2
3920 4661
6059 9211
3
666015 329736 979958
770374 300168 527785
709950 224257 224263
4
314 386 8 27
368 899 680 177
761 862 797 154
365 549 589 293
3
24 20 54
25 98 19
97 29 66
2
967 955
470 913
6
5 6 9 1 8 7
8 6 10 10 5 7
7 4 4 5 4 6
7 10 5 9 5 4
8 7 9 10 9 9
6 7 5 5 4 10
5
57 7 40 56 67
76 85 59 3 19
3 29 22 92 43
48 79 80 88 18
100 34 98 1 84
5
12 64 27 10 17
90 59 42 58 20
6 99 93 18 83
49 71 75 95 92
15 99 49 43 81
4
461020 521215 412693 368099
679859 807347 806618 655040
583412 30514 908679 791378
877531 40493 843843 72197
6
417 759 198 760 492 74
908 588 592 400 845 927
35 242 120 786 505 534
804 341 93 442 392 932
191 617 228 837 499 745
446 465 967 453 819 93
5
324 905 144 97 857
694 994 877 78 910
348 940 706 115 536
861 1000 508 891 766
890 78 894 120 552
2
91181 67446
64289 11967
2
6178 4729
8523 8132
5
3732 1792 853 5617 9386
607 1881 1338 8003 5464
4765 7544 3937 4562 8119
176 544 2212 3440 1989
90 9035 2168 2100 7373
5
58651 36604 86766 30113 97966
47067 99163 40901 9186 98179
16451 98215 11552 14283 13331
67833 55216 73576 97209 80992
82753 97522 44615 47221 85270
6
996678 968372 985404 276771 291977 162092
555175 30922 89347 922721 552766 208280
133039 210436 92657 81570 9590 543663
593088 484875 712889 820078 100448 723135
581000 190812 217069 522853 222808 131878
190401 819902 318105 572474 905877 360159
6
4 9 1 8 1 4
9 3 4 3 9 4
1 2 4 9 1 5
1 3 4 1 1 5
5 4 8 10 4 8
9 3 5 2 2 9
2
180 695
969 965
4
149 548 708 755
649 404 167 917
992 682 472 486
525 107 2 950
5
57 43 57 80 33
15 67 8 94 9
98 9 25 51 79
46 20 80 99 33
21 91 54 98 66
6
8810 154912 237405 413149 866249 855664
34203 907609 214673 329550 430327 501320
12572 874922 792119 676627 42319 664668
389745 368474 625595 184541 204390 886163
528093 32420 935170 602733 945204 786798
442438 130862 30826 572662 982012 122868
4
5 4 5 6
6 7 8 7
6 2 4 6
3 6 9 10
3
3 3 2
7 6 10
6 7 1
5
619141 931179 299613 431495 101549
697478 99733 227106 207269 298769
673982 757473 370594 170535 545755
328403 671702 930452 180665 720024
402222 843888 750317 940109 790490
6
8008 3726 7573 1567 3562 9831
1468 2822 9179 1084 2802 1829
3103 213 3385 1778 5533 6463
6712 8214 6141 2222 1645 1405
4396 3479 1199 9705 6752 7655
2470 2767 4001 2354 9515 4208
2
419 897
34 266
5
6974 87 425 2042 8766
9111 1371 839 576 7467
6841 4804 7424 2128 8240
5050 9124 4831 7025 8269
8573 5594 3584 668 1937
4
99975 29207 27460 80541
24054 42234 32251 14799
90485 10195 99659 53673
94304 45309 68976 82088
5
18143 85721 15763 93747 55174
59682 57476 85997 31634 49091
41678 3098 68117 91161 44514
55522 34318 47169 76660 1099
14569 1216 99320 78213 41882
6
7110 5790 6194 7819 625 2861
6691 9158 8578 7558 9781 4467
7449 8515 1301 4548 9571 4856
4469 6303 6687 345 1129 7844
5620 4108 101 4468 9410 1719
7058 2207 5819 2134 6581 1805
3
52543 4295 93754
54674 51571 19230
58475 6789 91522
5
50 95 23 48 39
35 93 76 50 53
5 30 46 64 49
26 2 30 81 96
5 27 32 7 94
6
51834 33215 37408 39672 15272 56118
95539 36481 98077 1535 33070 15676
947 33451 1991 4363 88942 41739
15778 80487 73652 30500 90125 84022
73728 21385 33373 41666 38950 48714
72762 31944 16525 59428 18831 24787
6
20 50 34 8 17 3
60 47 79 9 25 77
81 83 83 5 68 28
46 9 80 24 79 66
37 93 74 92 100 51
25 70 39 42 48 18
3
5 5 10
8 2 7
9 1 8
3
48 910 246
150 510 957
227 350 575
2
1621 124
842 6144
6
522 31 334 825 535 479
936 730 448 370 267 456
149 297 460 610 335 775
181 645 465 5 852 183
676 783 443 148 375 801
984 557 436 790 723 559
3
243748 103004 894857
282591 27499 193947
639882 676939 718703
6
937495 958160 614541 69971 17148 613828
221436 664886 526815 61323 959713 845958
229318 260629 507649 393128 335337 522297
715758 545889 727919 154689 889504 693218
90559 256790 288728 898691 585686 774758
627736 843988 422769 881005 134413 4322
3
544 604 365
7 379 19
204 283 447
5
72999 273928 745649 818922 857059
934960 512578 581623 681106 919580
436046 123008 468601 209641 867462
803517 186956 932154 203375 535667
26488 804877 904329 148868 990173
2
88089 47221
16912 78818
4
503 969 349 185
813 172 262 864
460 685 407 756
605 623 335 286
2
515 646
570 893
3
1 8 3
4 2 5
9 5 7
3
63863 5440 53966
63135 58785 17635
32638 91236 98040
4
656292 283677 27665 133099
628461 215842 132013 776588
482278 230356 616028 770731
639445 710850 616301 187499
3
10076 60577 94064
94593 789 68609
18913 89186 79719
3
82 115 155
665 712 862
240 813 340
6
728357 331782 890436 270353 21369 606001
701330 294891 990543 349619 510586 850940
442123 252380 196295 451535 112020 422690
152468 64376 546801 454032 20188 585945
232869 68517 686491 840375 162999 545890
545078 835322 2871 493824 215445 498948
6
819368 517553 863719 828987 455187 357173
565552 627455 333030 498397 263133 424238
559518 381025 901300 831456 605577 484872
654998 905228 350815 982087 845371 851713
430444 450060 422043 762882 345236 59704
701814 314915 349794 708148 35385 965769
6
881 386 209 159 789 942
903 584 159 748 164 922
423 314 84 588 332 934
176 986 429 525 841 257
888 399 41 561 499 377
930 532 931 442 563 650
6
539 150 408 277 290 345
174 33 751 537 56 968
251 225 818 159 626 195
744 395 114 7 684 73
169 765 963 954 7 118
272 6 987 994 188 27
6
995052 588414 750169 698067 249255 341138
11833 348787 891874 22269 617009 648133
70264 810684 369108 763827 144076 153932
590021 836361 43179 994401 386468 739075
158894 270844 810986 790942 262323 359643
19564 776414 196008 183927 473326 956810
4
4 7 4 3
6 8 9 5
10 1 9 1
1 9 4 7
2
7640 1638
8093 1187
6
41940 35758 84241 99074 4763 80712
32134 26533 48321 69309 41546 61094
91859 68293 87480 1357 29013 82697
74951 70163 61366 26631 14804 74901
20533 55985 57732 98491 97164 79439
44566 26057 42460 87948 43219 22216
5
30 75 46 65 39
74 31 91 70 71
53 88 23 99 73
59 45 27 98 53
24 64 58 92 55
4
8 6 2 4
8 1 2 7
9 9 9 4
5 8 9 1
4
599 193 145 427
305 372 239 144
367 488 314 750
367 776 972 784
5
68 663 524 246 83
80 769 545 775 540
64 657 788 31 794
446 207 166 368 373
560 658 438 383 812
2
844 670
180 882
4
5 10 10 3
7 9 7 7
8 8 6 6
5 5 9 6
5
55481 75667 66162 57530 57724
89463 21884 25897 90980 97632
85213 97677 77346 99907 85015
69849 44742 63985 1298 89312
29973 8531 57934 80544 1443
5
7747 873 2743 2836 3249
1577 5009 7887 7330 8338
5120 6530 940 3137 1757
9156 6727 8480 3826 1207
1970 7202 9922 1404 1875
5
21 5219 5707 6825 2253
1355 9559 727 8749 1727
6214 5946 2265 9270 5518
6780 5054 8484 560 9610
1684 4985 7570 3366 6461
2
801549 452692
111345 52953
4
25778 24862 62427 10524
3683 16128 40296 51560
3718 76298 65766 67038
13061 17614 77614 3773
2
59221 44412
1897 81697
4
8 4 1 6
10 2 5 6
9 4 6 6
4 1 9 9
5
18235 25974 70871 12353 89807
5831 91553 49885 11313 3729
27148 82949 65030 51960 13929
97025 50043 77641 14721 26055
68823 9404 51877 3343 13244
6
5 8 3 2 8 4
6 3 4 2 4 9
5 7 8 4 10 3
1 1 5 9 10 3
5 3 10 1 2 4
5 5 8 7 3 1
6
607 699 327 272 180 320
487 676 337 699 828 227
808 115 365 840 752 334
271 227 800 693 723 253
283 936 516 455 877 381
675 876 572 415 286 717
5
78 93 22 9 1
67 25 57 59 57
56 11 49 89 62
68 82 19 32 50
7 39 57 94 16
6
268984 462826 649879 244430 424054 935701
719754 719378 305141 717822 906407 556113
510117 817501 420034 664274 622738 315746
225944 549922 967996 513761 659402 530260
318078 426027 946808 735154 141522 718789
639722 399824 416217 417695 290358 15254
4
55 42 26 22
79 80 65 79
89 95 53 27
27 64 8 15
6
10 5 2 6 5 4
3 2 2 8 7 6
4 4 10 8 2 5
3 5 10 1 8 1
10 9 7 6 6 6
8 10 6 8 2 4
5
427710 606256 861721 941276 890666
223351 623808 658062 541332 806872
239450 887862 385301 784130 653681
423247 797529 117306 809113 198267
193605 16742 901301 78804 37250
5
975068 484734 537999 483554 185449
762467 182704 12751 993538 606229
969701 745544 695167 265999 68702
572851 488752 150970 10427 859967
36793 281728 545241 24133 332077
6
40 420 774 132 682 302
571 965 663 242 907 414
456 278 980 456 29 601
529 665 854 434 664 328
870 402 182 953 101 184
292 481 280 131 574 287
3
673 324 449
629 484 660
959 789 365
2
288202 263988
82156 393890
4
8 2 2 1
2 5 2 10
5 1 8 10
5 9 2 7
4
151779 414289 796838 573469
520059 387811 841705 293212
493857 507265 391338 405043
33315 71955 338355 172868
2
600 698
168 540
3
65729 98573 61053
83050 20656 26116
78735 71768 18605
6
4 1 6 3 7 2
2 10 5 10 5 7
10 1 1 1 1 6
7 3 2 4 1 9
1 5 9 1 7 6
8 10 2 8 8 4
5
835330 200334 133279 285594 319534
796916 502117 842090 297398 808109
396993 428783 834312 493268 521026
311740 64559 545991 790122 678461
728039 610802 342939 504002 790854
4
75 84 99 83
3 18 60 69
57 34 91 54
45 37 7 75
6
8 1 10 6 4 8
6 6 7 4 1 10
1 1 8 8 1 1
7 1 5 3 2 4
8 9 9 8 10 6
4 8 2 8 4 6
4
10 5 10 7
1 4 9 4
8 8 9 8
7 2 2 6
2
67365 671
87021 71219
6
761 284 680 384 620 638
207 71 809 10 182 921
1 388 777 869 956 918
733 737 719 565 495 347
126 679 133 881 689 222
359 151 941 639 880 673
3
36812 86845 17522
31841 54012 15255
25728 81553 74070
2
663 109
608 750
5
224937 150613 490982 105014 429274
281076 373868 696510 24952 789347
119591 336443 117663 407646 359806
61498 112370 17283 740713 676507
496212 849671 226679 492509 541310
5
507 551 92 641 542
794 199 242 228 403
966 642 192 649 92
461 722 583 162 982
227 434 477 974 184
2
928105 101223
875694 557417
2
11834 94474
64025 26093
3
672911 434251 510445
403987 400383 48365
846200 748427 648707
6
51 5 74 80 7 69
8 32 27 13 73 49
24 31 32 97 88 66
27 32 99 74 20 89
72 48 7 98 96 91
16 33 14 80 14 28
2
9 1
9 3
5
419 885 365 65 786
455 848 107 945 478
680 706 454 717 777
412 865 907 380 825
204 374 954 25 835
4
600715 811019 343553 153149
372823 939000 492617 726282
511510 870355 246169 582843
434721 830547 307011 126950
3
16309 84492 14719
77415 88498 92626
56483 53090 83917
3
66533 54701 18934
24256 1253 34768
71338 36378 13314
4
5 52 94 99
93 89 58 39
42 67 83 72
96 45 30 41
3
865 694 862
675 235 864
485 436 910
4
9096 8901 5455 7504
432 3679 8530 2325
7870 6031 7974 5655
7296 218 7863 7207
4
72894 89281 3918 87459
79098 23307 27227 52342
13970 82104 1158 84731
95372 31030 83 60395
2
270 502
503 963
3
2 5 9
8 4 1
8 7 6
6
538417 139928 813990 692434 72599 541251
630149 821428 707424 959459 376754 170639
465587 806379 286079 343637 643696 389299
429550 495303 975859 103268 443692 839757
99589 241533 871202 620209 531983 679038
843039 328533 666404 917416 524248 983805
2
36950 37693
61439 84007
6
27 76 29 70 40 93
7 78 67 47 44 25
35 16 52 69 37 97
29 25 92 35 93 72
64 65 73 23 49 3
75 87 81 95 61 49
5
10 10 1 1 10
6 6 5 1 6
1 3 6 8 10
10 1 5 7 8
10 2 7 2 8
6
12962 95296 83153 14084 71010 7543
69626 3883 92755 34652 47034 52181
95972 15352 29112 38859 74887 89930
1771 62170 33846 64944 9380 97644
7206 57094 74032 98701 67829 74492
55281 81966 64520 7183 29602 72608
5
9 2 3 5 5
4 10 9 10 6
1 8 7 5 3
3 1 3 2 4
5 7 6 5 9
2
62236 82760
16458 77419
6
1 6 2 8 10 9
2 9 6 8 7 3
1 1 6 3 6 9
10 3 4 8 7 7
6 7 5 2 7 7
3 5 6 1 3 10
4
1618 7497 4934 3672
3967 7910 2422 204
3139 2254 2255 2610
6450 4652 446 7604
5
257047 829087 545727 859472 598305
32508 630776 309952 376569 884433
113304 611061 781054 631801 66036
64867 932993 721260 278499 432585
960283 790938 78289 186986 567086
6
10 7 5 10 4 7
9 3 6 4 10 6
9 5 6 1 7 9
8 2 7 7 9 6
10 8 5 1 7 9
6 2 3 1 1 7
4
48499 71147 81170 53455
60226 6164 30599 89513
40039 11743 63439 14488
55201 73321 64408 78162
3
662 566 662
280 615 687
454 512 96
2
10 1
9 7
5
17771 76755 35108 61077 97744
45946 57520 13482 98496 31544
20625 13056 4957 54723 60448
4630 53949 35774 29808 24195
64620 46607 62362 39713 88444
2
406889 241226
100056 550269
2
74997 84722
40485 38360
5
4 7 5 7 9
7 7 7 1 2
5 5 1 1 2
6 3 2 6 3
8 3 6 6 4
3
54 471 21
816 542 75
735 545 703
5
870677 334086 85279 203006 455998
745132 603914 44744 837755 197456
675306 42594 809236 938031 277741
47301 634137 294523 90138 259792
261570 833058 299885 351484 55472
2
1 7
2 4
2
225276 43285
220985 434935
4
96 70 74 85
70 51 53 23
38 61 100 23
41 6 96 60
2
2 2
7 10
6
209 652 384 552 624 562
960 211 99 331 145 496
502 16 389 572 245 505
305 217 243 933 970 73
234 218 743 344 105 148
114 398 916 953 190 96
2
3494 6631
5512 3703
5
10 4 10 7 9
7 3 8 3 2
8 10 10 8 8
10 7 2 7 6
10 6 7 10 10
5
5 7 1 3 1
9 4 10 1 4
10 4 9 10 7
3 10 2 4 9
2 2 1 3 10
4
780515 728379 130914 902278
854785 207590 550738 157770
238283 189526 989974 341548
210470 75713 452913 935020
4
72 82 1 77
84 19 49 84
84 64 55 1
25 48 10 21
3
89 98 4
90 73 19
23 68 98
6
1 37 52 95 12 99
3 69 30 74 64 34
61 1 19 51 29 16
18 25 24 28 89 60
4 94 58 89 2 84
47 86 21 23 82 79
5
315 929 17 913 968
4 502 922 185 573
820 899 877 506 980
611 14 160 452 661
831 40 520 598 56
2
69561 76368
58096 97572
2
3050 1062
799 7287
6
64118 96653 36560 92276 71134 50326
36012 98677 24055 34722 8111 89122
13442 14631 85790 33390 7499 35793
51691 50218 18088 93109 19862 15292
37381 79229 3619 98624 98322 26221
87188 88233 39419 53212 32136 8814
2
97 26
8 60
6
221 112 56 961 119 277
882 979 667 202 94 577
965 819 799 409 406 581
859 876 89 839 218 848
691 42 99 616 413 197
499 767 292 384 488 335
6
97 51 93 24 14 49
83 73 74 7 41 51
2 44 88 43 18 90
10 82 98 76 89 58
32 70 9 46 97 78
71 54 16 83 13 75
6
391 10 383 202 312 50
266 147 468 698 843 497
713 333 48 944 103 183
108 479 581 926 915 895
478 919 897 553 643 779
861 113 750 888 97 384
6
1 5 3 10 7 5
3 2 7 5 8 6
2 6 5 3 5 9
10 9 10 9 3 6
3 9 1 9 6 2
10 8 8 10 4 6
5
551 20 668 203 366
341 942 630 540 732
431 784 453 955 985
844 97 397 412 722
917 216 212 26 73
3
598877 863489 811422
559063 854539 212011
930575 779787 213813
4
966267 894636 755021 568819
437587 484936 170305 878074
542797 357230 937500 508750
656841 170966 289060 197899
3
9948 55986 71648
79073 59589 75703
98888 2393 54851
6
18 33 62 81 62 21
4 14 88 26 43 66
86 28 55 41 90 69
4 9 9 21 42 66
58 82 32 22 73 26
41 60 48 24 13 66
4
583095 365236 764486 773720
189385 571556 723252 884570
401519 478687 897293 763913
725749 391713 788660 788855
3
9332 7342 9850
4189 4100 7408
3043 7359 5919
6
78 71 99 66 10 80
91 48 27 46 23 41
94 98 50 37 93 28
45 16 28 52 18 25
85 81 71 32 8 81
97 55 98 24 72 83
6
86169 97053 75850 76818 20915 15995
84321 49734 87614 63078 74266 36287
89833 9355 32918 30907 99784 79887
4218 98361 81656 83317 5121 69863
58968 78852 26682 98303 72919 54438
53063 77202 63819 60483 62539 27323
2
19470 47907
23142 95572
2
167037 473452
131839 271578
6
94169 90210 77597 25649 87428 85706
38612 44490 61856 46760 28045 69922
42406 90551 46498 60013 84239 16377
37801 14 72202 39918 79324 22191
23493 486 47761 97504 90323 89482
60011 94431 2940 79176 88565 18497
6
2 5 7 6 3 9
4 6 4 3 2 7
10 5 7 4 6 10
3 8 6 7 9 9
8 10 3 6 8 8
10 1 5 6 1 2
2
4 7
3 4
6
4 4 2 4 9 6
7 7 7 8 7 8
8 1 8 5 9 4
8 8 9 5 2 1
1 7 9 3 5 3
1 10 3 10 10 7
6
2376 4492 2784 8984 5089 2228
5114 48 4398 9566 7229 7066
5277 6457 9682 7531 9478 9161
1111 9028 643 3926 9176 859
3734 5038 8834 5170 3375 3150
1534 4278 4212 415 9659 9660
3
80549 56365 88234
32736 9528 7342
78213 32991 41621
4
911 870 918 940
988 176 524 843
184 949 581 565
208 824 308 87
3
887371 985104 796607
605713 519860 174352
725781 434777 494860
6
1980 7052 6358 3454 229 1342
3067 2750 849 7764 7581 5151
720 4860 8199 4134 6867 9453
8433 6109 6169 1898 140 9821
4868 6167 2727 7133 4550 6466
3379 8220 9969 5361 4415 9669
5
2241 7562 9668 3798 9278
3188 8007 4652 1963 3554
6306 1681 3936 28 3978
7674 3771 2689 1496 1910
4596 8655 4336 6836 1270
5
18501 72571 76485 11445 7825
12730 21699 74647 85541 59785
24798 82939 50284 95379 64713
14264 9452 59104 89227 83949
50454 86011 87292 56313 98075
3
726617 514000 668883
981391 119335 902343
645744 533893 642530
2
1 8
4 10
6
2705 5960 1258 5202 34 3136
4820 4692 8887 5165 2 4297
1052 5619 5151 6408 3827 1908
8649 2624 5495 5849 9682 1166
9797 6588 5222 6556 8387 3558
7757 7420 7352 2417 7476 1091
3
14934 34809 60013
73484 52326 68400
42356 55275 68036
2
72640 82476
32671 63906
4
46752 18532 42168 65941
58325 27180 44372 97964
26279 15741 54764 61970
42783 26303 47042 35758
6
2 3 7 4 10 8
4 4 5 4 10 6
3 8 2 3 1 10
7 9 8 8 8 5
2 8 6 6 6 8
8 10 7 8 1 1
2
57285 21441
68386 41151
2
7 62
73 66
4
58 41 41 95
72 52 60 69
6 80 63 1
76 24 44 75
3
9 6 7
7 5 6
5 9 1
4
29202 97844 82334 5466
71517 5682 42050 3793
87243 26139 93684 2522
2868 70679 67981 69902
5
5 9 7 6 8
10 4 9 3 5
9 3 1 9 6
3 5 7 8 4
10 6 8 10 8
4
1 1 9 10
2 1 2 1
1 2 9 1
1 7 5 7
3
43 60 66
63 69 44
4 43 57
4
95 52 22 36
81 85 49 91
68 19 20 42
73 99 49 11
3
751 751 202
773 513 711
806 442 493
2
10 3
6 10
5
643 984 633 135 628
404 540 273 809 541
328 230 294 24 314
465 539 179 428 73
302 870 889 161 48
2
426483 780394
504565 655652
6
99 30 27 12 51 65
55 94 92 45 91 51
72 99 10 75 15 69
62 17 3 37 15 23
41 58 91 60 74 52
37 81 91 73 26 31
2
51 8
48 40
3
7771 1657 7326
7672 7976 610
8267 3532 9627
4
723739 516769 291766 498762
50286 401848 940091 49350
226398 328586 168802 264557
7171 864977 453334 651929
6
51 32 28 100 73 70
20 62 21 27 73 21
18 78 12 83 17 97
83 65 34 87 39 74
84 42 67 3 95 79
78 22 30 25 7 34
2
9854 2345
8593 7705
5
717 265 388 335 489
609 862 750 64 485
92 234 525 154 548
190 957 355 263 253
555 203 31 297 169
3
92 52 12
22 38 57
13 96 35
5
85009 75150 68459 18161 1556
79372 80312 25469 7672 91134
17574 78718 28576 69323 82106
48642 55490 90626 68260 24234
10795 71583 4497 56577 69359
6
8243 6671 9488 9525 7658 985
8845 2454 1665 8466 2726 9994
8012 3372 2741 7612 2299 210
9147 8022 382 4075 2236 7099
4208 444 667 3386 2719 9704
2699 1553 2888 6107 9403 776
6
78 6 35 3 74 65
94 55 95 11 86 35
43 73 28 80 37 80
59 9 100 8 7 3
72 33 41 56 78 33
38 45 48 95 44 93
6
699 334 170 573 696 893
686 82 364 743 28 684
594 340 190 603 155 111
510 302 310 650 98 274
646 198 834 304 992 138
239 982 605 416 91 68
2
3 8
8 3
2
23 92
13 39
3
5 6 7
2 9 6
5 5 5
6
164138 823710 789505 290375 185883 811355
101099 986827 3274 418747 674845 103059
605078 748133 440507 490668 26090 98595
696617 259006 538208 867735 360383 636107
895008 331951 910853 968977 937714 627194
402003 52845 638166 587440 172364 196238
4
156606 397665 459371 152470
592053 824742 98679 410602
72412 328437 490304 550680
224639 851590 849088 410790
3
344922 278892 36754
514277 366755 415269
133290 959949 812237
4
80983 64688 47983 45102
78627 63627 82816 5072
56334 50183 8129 7564
28698 89000 71181 6281
5
3 10 7 10 2
4 10 4 2 8
7 10 7 8 5
7 9 3 8 5
9 2 9 8 5
6
19 73 41 13 48 51
64 10 81 47 74 55
81 53 60 55 78 26
57 61 38 94 21 99
17 99 75 93 59 80
5 34 27 8 61 41
5
3542 818 4031 3006 4541
567 565 2086 4831 3457
9634 9042 4857 2808 431
1235 5768 9886 7395 2243
2008 9742 8064 9955 2732
4
418788 126904 826204 666549
32504 40296 894336 392806
520837 203671 676617 784704
623125 636364 597422 798157
4
36 40 81 89
17 98 5 17
39 49 77 9
63 65 11 28
6
9 1 7 8 6 1
2 6 5 8 9 1
4 3 4 1 3 10
3 2 10 7 4 6
3 4 9 1 10 3
3 2 10 5 6 5
3
7674 7172 1344
3418 9376 1522
2654 2611 2049
6
4039 6329 283 8717 4267 9038
6165 8100 5069 4804 9173 3508
4901 3206 4148 3135 9412 2624
6533 1721 1770 9357 4446 7094
2505 3154 8181 6689 9102 6042
8219 2175 4438 5948 1550 8260
3
4 6 8
9 4 1
4 2 3
3
423 68 391
467 861 946
393 428 90
2
56 62
86 55
5
1867 2262 15662 73924 13207
60352 48320 89276 81726 55026
64028 40138 63008 79829 54786
27658 87784 6903 34503 77608
98734 22189 25948 21840 47757
5
3429 1365 8307 8847 2515
7409 2395 7669 744 184
1038 8872 7677 2968 4578
6317 1420 7533 2507 6923
4800 195 7888 396 2196
5
211 2263 9440 4588 8006
845 5231 2694 4162 3413
4543 9850 5179 4791 4266
7668 1191 3550 7447 3589
8850 3999 6041 1911 8967
5
4 6 9 5 5
2 5 6 7 1
3 4 6 1 2
1 2 6 8 5
6 6 10 9 1
5
14624 58380 45983 11274 86889
26351 77209 17773 89710 60797
93999 89506 80826 80509 50802
78051 43251 93768 86992 78909
86001 4736 13726 83630 85943
2
1971 1513
7613 5456
4
63993 498166 117354 154709
335222 430737 166398 475305
29613 118649 928795 708257
528638 630039 146684 504620
4
1584 9662 9423 3477
4507 6501 9117 2857
5979 351 9010 6515
9202 3759 3545 2792
4
873 758 983 766
592 61 216 208
692 64 84 937
522 863 238 31
4
13 34 85 92
53 41 39 40
10 71 22 99
93 31 29 92
2
89 57
77 72
6
4273 9620 484 297 8856 6405
3581 7054 4128 8591 3902 428
9963 8912 4108 6666 2985 940
1029 1116 3877 4181 4756 6985
3873 4321 1522 8263 4017 1412
7918 7642 4986 5216 5577 5798
4
3 6 5 2
4 4 6 1
8 9 10 4
2 1 8 10
2
1 9
3 10
3
63365 71303 42032
35457 82340 11273
5183 4955 95876
4
73920 72377 28835 18039
87905 89703 43554 35737
47168 24054 21587 79723
72388 18376 45357 51699
4
562213 550917 918829 828315
637306 875691 331758 63586
889718 235970 999474 960972
407895 717642 125749 295034
2
70 31
64 13
5
10 3 5 9 9
10 10 1 8 10
4 9 7 8 9
1 3 2 2 1
4 8 3 7 3
3
9 3 2
2 7 8
4 3 1
6
609445 140137 965358 346946 148932 955253
862264 34533 612124 807620 89205 255298
266578 583443 70409 72971 521062 733605
286340 145963 986790 743251 213907 899201
634616 180233 312744 958101 690476 765677
661896 795128 523017 526260 455268 300302
6
234776 370528 318643 21546 215116 305521
503176 400922 75772 850639 10108 207398
356267 500602 363636 291326 70954 819585
348277 389782 562510 964670 506687 562011
800138 527281 546023 198833 16996 732256
835610 769844 183739 925964 811423 317852
6
78 83 87 90 49 85
43 6 6 41 76 93
84 32 65 82 25 80
100 31 27 25 46 91
41 25 44 42 42 79
29 99 36 18 92 18
4
800175 541208 652774 659134
848526 475894 805656 910346
282191 715742 189335 173201
899478 367272 92081 593186
6
52167 28138 67993 85680 81487 83645
35796 29833 93538 66390 3755 73891
42906 87329 24486 46832 47117 31679
12541 88537 99606 71628 40598 13712
84579 72805 15627 53714 47928 68421
41854 91949 35734 91455 79199 57270
3
481860 744272 312097
96677 737948 238005
721355 749042 718439
4
85083 570498 955206 178437
234082 134273 659844 955180
570197 858199 79231 801512
604271 294274 722255 697018
5
508518 611474 851131 825179 29838
390493 357267 813400 602092 703025
517975 638631 609482 81741 199970
7759 617379 296896 46848 473434
736723 474890 319889 757404 18308
3
9 9 6
9 6 8
7 9 4
5
27108 14005 62195 48423 46765
2510 82734 95676 85522 48352
73527 70930 12014 27275 59352
84370 43521 44509 90781 99198
25078 22394 15250 65362 29709
2
6 4
3 8
2
96749 13930
84277 25250
6
227 994 872 479 837 113
999 932 399 888 996 244
866 16 713 561 684 621
766 998 70 588 735 260
865 458 343 535 266 231
833 28 725 272 61 761
2
66 75
30 91
4
544 693 601 836
307 471 597 518
928 329 806 72
77 963 915 789
5
2547 9752 1873 322 8423
1662 4750 1394 2273 5665
8703 8575 1689 6291 7774
9961 4956 988 200 2069
5826 5902 8910 4702 2594
5
349 770 360 910 484
22 753 221 681 278
416 733 157 701 398
251 39 149 875 665
604 982 15 509 447
6
2 6 3 7 3 9
7 1 8 9 8 6
3 5 1 9 5 8
5 8 10 10 7 3
6 8 8 8 6 8
7 10 7 10 5 6
3
876 8 536
521 353 940
419 896 190
6
6532 7431 4372 81 2614 5826
1805 7357 5367 7481 6180 6690
4339 5181 4169 1498 7486 5292
2272 2868 4921 7142 3668 1604
2219 9441 5529 6663 8778 9074
5117 1346 4743 4982 1600 697
3
9327 7889 766
4839 6642 5124
953 6678 6628
5
8 6 10 9 2
2 1 9 10 7
3 1 4 10 8
7 1 8 2 3
3 4 9 3 1
6
33 5056 2511 5770 9929 5296
6576 97 7266 7707 4693 7242
845 1650 4759 2288 3803 4597
7568 3043 8982 8312 6587 8812
9381 9631 1318 9356 5199 5450
873 3935 1621 420 8885 5025
6
42 97 99 99 74 77
79 25 81 100 96 58
20 9 51 23 58 44
38 97 67 1 96 14
55 13 46 50 81 86
2 49 98 64 78 53
4
35830 94886 50910 96578
89776 6635 47471 5474
12530 97987 37885 35650
98523 65270 67791 11562
3
8611 5382 6588
5126 5371 8775
1354 9196 373
6
53 48 32 5 83 66
58 90 54 38 5 88
19 96 72 57 89 3
55 72 22 92 34 89
47 35 5 6 12 17
17 68 16 42 14 51
6
4654 8582 2332 6965 7244 6610
7743 7002 8519 3873 4380 3008
3669 1988 5201 2071 5343 6466
7480 3790 4594 3334 7815 3247
9991 3944 1317 9457 8557 4634
9180 2325 7268 7544 7363 8182
4
8998 45055 25613 56471
1503 8994 86355 48601
10758 55273 4191 93954
60039 82814 11196 95096
3
9518 1482 2816
616 3481 3366
8244 7926 9250
6
33 28 100 9 52 5
13 60 38 63 80 97
33 85 62 41 72 91
37 24 2 37 9 8
30 13 73 41 8 35
26 32 37 22 87 11
4
35435 61251 27981 5942
5910 69050 11953 92001
95090 45323 18540 14726
90977 31153 91978 17664
6
2 365 565 848 189 334
148 980 403 150 163 57
634 967 80 225 750 618
998 528 638 312 788 449
732 312 215 657 338 544
712 135 545 613 183 879
3
678297 709362 598163
427383 317203 377728
453292 127756 518137
5
16 84 94 20 72
12 7 50 62 31
60 74 25 5 19
88 48 77 90 64
97 99 10 12 45
6
96 87 19 26 80 51
58 6 97 10 73 21
31 53 42 50 27 53
26 10 60 31 12 87
54 29 2 1 22 98
11 68 73 20 9 44
3
8650 2442 6585
8073 7469 4270
8489 8705 3683
3
5 2 10
1 10 7
4 3 3
4
1241 4603 9334 9647
2986 2610 6870 4256
1129 8588 7189 891
5218 7557 9138 4329
3
237016 409723 131142
503601 891027 189248
917337 47496 734835
5
92735 44684 7013 57434 59102
76166 38462 53791 41190 33752
42762 99044 95646 35660 46937
54456 14285 91429 19229 47755
36325 94485 67327 14025 23919
4
852 8256 6460 3262
4674 9462 5724 9584
911 2239 6512 8378
2177 9684 9404 2043
3
9 3 3
5 6 9
2 2 8
4
637 413 733 575
817 221 995 999
84 71 656 650
931 942 405 700
2
559816 850033
460597 363002
5
1856 9302 593 1333 4627
8459 4148 4748 35 6900
7849 8192 364 2519 1540
873 4122 5232 8742 1140
2923 9451 302 2825 778
6
400 398 459 716 352 320
191 781 543 957 174 604
291 696 711 8 178 217
262 704 204 512 561 736
581 503 171 450 130 63
927 191 338 302 697 746
2
6 7
4 9
2
96 46
91 66
4
351537 904067 276328 247472
658363 628865 979632 26866
991806 42271 444096 109048
158414 499276 68841 207453
2
213 236
511 632
3
67 648 252
124 844 97
937 32 484
2
4 4
2 5
5
16 494 22 267 492
341 407 614 903 251
964 155 145 12 992
959 755 240 311 963
433 7 873 559 45
3
71 72 84
24 26 94
7 17 28
6
365042 426430 364269 197410 360834 797598
952214 487817 59128 7387 564770 126393
462590 781048 360544 184883 953117 948367
144158 262565 87414 456266 919238 355713
902556 794364 363324 291121 511220 328572
259316 282345 733045 887972 923627 228020
6
90 32 46 5 60 69
11 35 22 37 4 95
1 60 17 47 82 47
67 75 23 27 20 72
63 78 45 54 59 5
5 27 16 98 46 26
6
95730 66787 30632 62432 69371 36077
84329 40934 62668 67097 33296 29787
55439 18459 99893 91661 2579 19584
13335 40723 80938 41727 42832 16964
88649 48474 53451 27074 56569 83069
65335 62184 29924 64096 42826 54181
4
270 125 50 196
634 797 211 953
946 297 49 760
48 317 629 499
2
73 22
57 94
5
859 462 287 260 771
469 442 880 814 391
369 835 636 873 69
565 278 693 589 995
701 740 518 227 158
4
15 90 39 68
80 32 87 48
83 76 34 79
93 95 43 51
6
8 8 10 1 3 1
6 1 2 5 3 9
4 6 4 9 10 10
7 5 4 7 3 9
4 6 5 4 6 4
10 1 3 4 1 4
4
578126 363435 227815 8347
656825 1301 543760 516631
253591 990880 217736 856878
787977 327659 374299 45212
6
397171 731212 608577 229089 676959 199830
474796 882406 349967 823608 995805 199070
898022 677414 603023 18910 580866 287479
958772 679742 186285 869430 615241 527491
562095 889711 359976 815900 482736 915899
844371 677153 344802 885768 364382 399429
4
14 51 24 98
93 8 75 7
5 43 40 30
61 33 66 61
3
36397 28108 94918
14279 36668 10305
46544 26343 9161
2
5342 8669
2567 9033
2
34 7
69 20
5
41 29 84 72 55
62 75 6 92 58
53 45 97 76 2
10 9 17 1 58
77 55 47 62 70
2
7446 5231
3078 9770
5
8690 6887 8992 8537 7666
1817 29 4291 9697 462
173 5797 204 7126 1222
7416 8688 7779 185 6247
3194 8519 1780 632 8391
3
830 452 921
91 387 744
682 602 500
4
8002 36959 64796 11812
86470 55196 43925 7939
74714 12846 49273 50422
84732 41130 41492 47547
4
657474 772773 521869 786377
150983 40411 506719 505782
67904 343041 484534 263745
703525 304844 842547 501489
6
779109 994505 135879 742649 722977 140549
782379 343014 196951 645575 675891 995705
292213 461863 298555 622361 564413 17918
848810 360130 37268 369904 252492 440193
562320 304340 118012 33901 298165 505161
576453 775728 836449 564526 579680 874889
2
54 50
16 84
6
647 21 446 927 311 855
114 627 207 838 635 881
973 671 519 487 855 624
711 521 513 570 705 734
116 362 454 320 82 74
916 623 986 827 540 205
2
8 10
1 1
4
841 389 877 557
246 663 104 221
33 845 663 848
227 930 985 916
6
668 824 651 93 75 954
796 726 585 839 328 494
304 1000 78 33 139 265
885 89 243 9 690 974
438 918 38 457 865 301
950 115 260 530 504 984
4
84516 7748 29426 80076
75652 99782 27659 44800
17967 58047 23659 18704
80204 98233 74082 97839
3
90 9 5
79 32 77
81 59 90
3
5 9 5
9 1 2
1 7 4
6
3 2 6 7 4 8
5 10 5 1 5 8
3 7 4 2 5 1
10 8 9 6 2 9
10 8 2 10 10 6
2 10 9 2 1 2
2
14223 64735
98709 67641
3
249470 802504 382742
160201 974372 199339
224620 279653 851752
4
117 262 892 723
145 706 818 63
661 482 806 57
713 635 566 983
6
475 8326 7050 7510 8574 1546
197 9956 4424 2760 9662 8748
2008 1556 687 4931 5644 6058
3744 1893 5092 2214 6125 4568
1855 7017 6889 7996 7591 6778
4233 3251 8418 7086 311 9528
6
315568 387754 473020 808289 900133 527699
526878 69037 871024 506017 771811 743120
800834 23019 891942 519329 785223 485183
112068 594073 154563 95560 329815 465538
645357 561050 85273 144185 583862 685357
616889 858118 863131 12348 265072 606360
2
755689 860352
454479 13429
6
4 49 12 15 6 72
22 99 31 23 52 27
49 63 2 24 95 18
48 84 1 94 25 85
58 70 28 84 31 58
43 35 62 22 38 79
5
7 3 3 4 6
5 2 4 5 1
5 4 7 4 2
5 8 7 9 5
9 8 2 6 8
6
22 24 14 90 47 99
42 5 97 58 80 53
56 50 22 72 35 92
98 45 66 6 67 100
40 32 17 60 2 45
18 52 92 66 79 26
5
94225 79453 72434 1930 70998
31372 17317 36233 18096 30644
13415 12265 42096 13801 84884
83896 8478 69555 29680 89396
54865 62472 9277 53137 93537
4
58 93 70 12
18 84 43 58
11 77 94 60
17 86 59 82
2
637 248
69 671
5
9 5 3 3 3
1 1 10 5 10
9 9 9 8 5
2 7 3 7 6
9 10 4 5 9
3
4253 9495 2793
1576 8638 887
929 7266 9333
5
92115 80031 52676 7797 62991
54317 55635 37866 29371 99766
41134 80987 73843 20577 55072
4478 79967 98539 97895 96592
777 81329 57450 16227 6607
5
62905 33284 13621 98776 34236
77765 41662 44494 41991 26708
11607 88692 43992 8636 66227
61710 86069 11293 62208 1726
84675 9059 88107 3777 21586
2
1488 5420
4307 4782
4
493053 120613 68998 648083
60810 751834 349304 215564
309130 918634 80971 888709
566587 808023 271903 225381
2
439842 938291
860633 326629
4
22 148 178 630
323 811 19 82
340 893 690 464
731 370 679 699
5
793 496 651 38 793
128 795 51 780 963
689 488 620 517 361
18 753 125 263 661
846 143 198 780 253
2
87 75
16 44
2
1 10
8 1
5
18086 69405 34073 79204 69271
78015 43879 22203 15772 10412
33949 17843 46965 79387 88297
77640 80049 44710 27504 85457
76058 65018 79551 59264 91095
4
2868 2725 5256 5341
2459 984 4526 2335
1923 869 9440 4137
3878 9641 9697 8935
5
306 357 55 952 747
504 896 893 3 48
783 970 48 975 965
283 660 959 451 872
8 82 666 485 998
5
1330 6029 4747 4223 2765
3675 1801 2550 9625 3983
650 603 9738 7860 5236
8495 7302 8454 3501 9649
3878 2674 9753 9433 8348
2
2 31
12 42
5
19127 82094 71422 8909 14763
20686 61749 35222 79358 48406
39772 28607 49738 31012 27971
50991 21990 78417 96789 34076
58527 13577 41568 97397 70537
3
3 5 2
10 7 7
6 4 10
2
70 91
59 66
3
66 23 80
47 39 89
50 100 78
2
260 945
120 89
6
226122 697400 86260 145549 124173 573602
132436 611293 444331 702347 15420 544499
697682 983661 37589 685363 770865 279707
436709 926252 415445 102160 977930 669987
349977 64077 804449 280308 682683 580535
952564 9215 682961 361734 991061 674763
5
382 286 993 852 136
566 684 627 541 333
463 473 138 326 346
974 662 548 112 978
948 130 400 81 600
4
604 509 204 759
268 752 878 358
770 359 653 689
496 348 311 799
3
2 10 1
6 5 7
5 7 5
3
9 5 9
8 8 10
6 9 10
5
800 7540 2 2964 5077
2541 2949 9035 497 967
1530 664 9105 7808 2635
8634 9825 4536 6444 8216
3752 2782 3529 8313 5105
6
3 5 3 5 7 4
7 4 2 2 5 2
1 4 2 7 1 8
7 9 6 7 3 4
4 8 4 3 10 8
10 8 5 1 1 8
2
217 322
316 359
4
6940 6121 6988 9932
1127 7006 9210 3798
2375 9442 370 7416
5438 311 8804 8514
4
927 540 678 34
551 526 460 730
119 890 663 625
670 27 43 708
5
781 433 652 725 990
542 580 264 616 877
745 421 652 217 33
304 826 99 809 199
642 728 897 883 709
2
93 63
81 1
2
54 12
21 58
2
881774 462177
810835 957073
6
5 9 1 2 10 6
7 3 2 6 4 9
5 5 6 10 6 5
2 6 1 8 6 3
1 5 8 2 3 3
4 5 4 6 6 5
2
7 8
1 10
2
5 8
10 1
3
904 395 795
801 826 334
820 15 872
6
90 26 47 13 94 91
62 69 37 63 64 91
16 55 71 25 100 4
97 18 86 82 61 25
92 6 1 10 72 11
5 9 6 98 34 42
2
23 100
33 47
6
13366 5636 3676 94900 61787 64279
31489 99794 72461 92838 79787 59341
38817 67790 70697 14843 85719 69256
17521 64540 97179 15670 85288 94097
16476 98434 45249 3473 30616 28421
43120 94181 82138 52016 17897 72815
2
454 775
819 372
2
8 1
8 3
5
5599 2556 6958 8122 6444
5937 9228 1662 1896 8749
1425 1351 8147 7964 6736
8882 8261 2872 6760 907
4232 5292 709 4661 8522
2
17 81
66 19
2
54 8
42 74
2
10 3
4 3
4
5775 1076 5587 2549
587 6568 4244 7257
1191 8490 66 5840
7636 5014 6573 432
2
56686 24936
36483 91252
4
6 2 10 4
2 10 6 2
10 10 4 5
5 8 9 10
3
752 899 387
887 221 849
427 774 538
3
876 564 569
440 34 194
450 444 254
6
972653 150519 422882 561768 55508 319485
979768 387121 538542 546854 287822 113302
824280 697117 188541 285916 847546 100722
672378 191016 95179 707924 310300 788083
458682 184435 560874 49862 175080 898077
913602 756883 302196 523290 618436 910697
3
5129 2073 3846
3992 2703 2986
5332 9621 2026
5
83712 40823 40668 97010 67375
6019 47935 35875 19970 67722
32443 66038 65468 68993 94321
23447 96864 78187 9975 12784
7097 66403 15719 5852 10716
6
375811 431433 235344 377887 90379 400245
962627 129613 463278 393445 26149 885245
535534 908222 26301 521247 125653 227046
863399 711593 670992 518643 474311 474302
199471 559331 166238 416325 265674 61129
225423 893896 82532 174403 799653 953441
2
60 38
20 17
6
591 962 985 392 841 813
384 378 405 43 999 437
750 296 185 381 450 123
205 899 275 268 259 390
977 731 76 571 539 30
674 644 148 550 35 481
3
7811 4728 6120
8628 2202 2975
8188 8331 8545
2
847 789
953 924
6
556 750 620 628 345 585
847 670 622 748 498 807
544 966 6 964 328 111
438 261 509 640 43 635
187 91 632 672 320 490
325 489 261 9 749 991
4
6 10 8 9
7 7 1 7
2 5 6 5
1 5 6 8
6
824 888 975 309 670 906
596 72 356 405 605 966
765 557 789 337 44 874
328 18 609 629 718 928
712 193 711 904 66 421
22 873 788 193 208 362
5
639 609 632 612 425
176 34 44 912 959
18 128 785 188 607
693 221 81 522 925
177 818 620 692 972
4
60 62 19 28
65 16 28 33
88 91 96 53
88 63 88 86
6
62 648 948 157 880 565
142 5 703 520 290 734
775 513 147 280 171 203
24 95 878 423 736 344
249 921 547 844 181 93
380 872 241 980 57 661
4
49337 68414 3958 10218
64894 44387 69282 32261
48016 13052 18637 1804
33356 95516 47650 70388
4
757 927 757 465
371 919 906 456
916 820 137 215
618 976 762 166
3
54 81 32
84 94 98
31 41 20
6
2865 573 1318 4318 2683 3330
843 6074 9274 3628 6741 9030
3174 1897 6207 8414 1880 7388
9296 4564 7724 2152 9138 455
3897 2487 8375 131 1566 7430
5130 2848 8617 6329 3334 8453
5
600 1958 3790 169 4544
1483 7421 3650 9772 8247
6693 332 7772 6163 4573
5072 834 1543 6255 1399
9183 3063 280 6727 5897
4
69 1 15 75
49 85 40 75
33 52 26 89
48 67 31 37
3
55 77 37
34 7 53
27 67 95
6
3808 9689 3015 7733 7557 4328
1984 2354 1945 1780 3992 6924
8483 4808 2581 1124 5075 8536
6163 4476 5234 6429 8444 3953
1231 8621 1504 6728 8308 3126
2094 6390 5992 5911 3901 1170
5
30304 82138 35339 58689 25849
47752 26110 56755 6604 68935
40856 4656 79310 98593 91412
23972 1050 38027 89544 77763
71451 19853 29317 97228 66268
4
88635 63711 13811 55703
49141 25395 47649 51695
83018 43194 1256 66611
92120 17114 30738 99306
5
14728 3578 81857 14154 27104
10935 74303 55058 94 28302
99425 69886 84378 49597 71015
7662 94417 33255 94097 28795
18944 99924 30004 47912 547
2
284487 936658
50205 512686
3
392 814 927
75 19 372
412 157 170
5
9170 1939 97 8371 1619
4676 8215 3354 8398 4740
298 7830 8963 3868 573
1447 4966 313 9671 6021
6095 2726 915 2692 9441
2
6 4
2 8
5
20 78 35 98 75
34 63 33 79 46
11 77 28 78 83
50 11 51 15 72
26 63 46 32 72
4
381052 522677 701597 21940
629233 793732 713833 599810
876102 370190 21349 925103
821411 394691 111789 287947
4
24372 17463 45817 25571
62582 11528 71749 35752
34025 89492 50227 37045
76973 94937 7051 62398
4
75794 66293 61260 46714
34886 70127 56244 30859
38018 55361 68893 83154
88584 88689 91502 11616
5
981581 385315 808621 946556 343799
252300 952750 265181 807371 786227
375533 451633 421956 998010 3578
3274 842448 9823 748947 678896
410102 779101 924653 338735 931683
6
17041 69708 22408 97912 23816 44414
34290 40925 72918 90844 11289 19127
52623 76734 40804 67258 86832 82127
12115 17610 28830 26635 13466 75830
59530 29549 42015 11068 65284 82315
7661 26317 18543 38557 43769 13385
2
66 59
78 62
3
41228 46035 83718
76563 86896 5754
13442 39943 8466
2
2292 7391
8235 884
4
5794 7128 5571 8351
1978 8024 2002 156
4454 8828 7714 1413
3751 9470 1347 6769
6
906 532 372 927 739 275
483 664 116 138 933 334
803 866 295 138 957 449
841 205 955 907 314 106
150 811 237 566 779 274
720 136 204 923 574 901
2
14397 80543
78918 89981
3
193 278 374
445 361 20
996 796 930
6
1 5 10 1 1 9
9 10 7 5 8 4
3 8 1 1 10 1
10 2 5 10 6 7
1 4 3 4 4 1
7 4 2 4 8 9
2
94 80
31 63
2
3 3
3 10
4
4069 3664 1862 7161
5104 3318 2511 8480
5458 4035 4775 9970
7237 8773 2467 3796
2
18 12
86 44
6
153474 862724 62707 500072 102367 683812
325129 362604 49282 46845 768377 610190
369300 197742 78592 158954 484313 206462
309985 399193 369425 7714 183690 743292
66239 966284 961421 196455 486009 5915
474962 937634 380382 643790 290871 360815
5
4711 9994 4585 6957 6357
1763 8533 3172 8108 8776
1227 9360 7221 344 5148
7992 8240 1289 7687 3478
5008 2743 4789 26 3803
5
3300 7993 4121 2184 4090
9342 4343 2369 7980 5871
6391 4023 3 3528 4487
7497 4395 102 7441 388
4467 9454 6717 2096 6961
6
423 110 449 593 899 767
302 552 800 494 849 87
744 535 87 413 236 373
686 929 320 938 350 344
117 763 472 491 725 885
871 439 132 740 779 596
6
3942 34053 4576 14730 46544 17475
12729 29879 97173 32810 44227 25709
95151 52461 75340 79671 23352 57114
44302 98975 8219 71405 9084 58572
65448 47961 87854 17872 30273 7232
84997 37874 84979 77067 14190 37378
6
8790 8274 2551 9810 3217 7860
9042 3201 8009 7223 5564 525
3225 9361 2894 1298 3198 8879
8977 2571 1367 3682 4019 1414
5608 2455 4348 8129 1213 7204
9060 2634 6783 1410 4536 8461
2
98 20
97 5
4
34 24 59 25
70 27 56 77
18 48 81 82
81 65 93 26
4
770 463 591 992
857 162 450 283
491 405 128 676
58 545 893 424
2
670 994
327 794
5
9602 9737 7433 8210 9062
7410 2382 7395 9371 9710
3622 7891 1256 2567 2956
1554 8602 8224 5852 7237
939 3617 255 8942 7210
3
75733 24513 9216
30239 37045 65394
12423 92708 87606
6
3 3 8 5 3 2
3 9 7 8 3 4
4 9 5 5 7 10
10 9 7 3 3 5
10 9 5 10 1 7
8 7 10 4 8 3
5
2 1 6 2 7
3 3 7 7 7
3 9 10 3 10
4 7 7 9 1
1 5 7 5 2
4
8 4 4 1
8 4 5 3
2 5 4 5
3 7 4 6
5
48696 53923 73668 85367 98485
77164 41355 90810 73892 42683
8904 10198 38231 95327 84251
70334 48757 45790 64464 67322
13331 74510 7042 81412 82688
3
48816 70213 82997
87211 87334 21366
6441 59748 39169
2
9260 486
7541 6865
2
695 922
293 581
3
93967 88466 61144
63279 52514 24570
43329 6226 24449
3
722 229 331
347 846 335
324 690 103
5
957134 456324 432535 600056 412864
751618 413274 195607 937210 477214
123571 873406 307869 174868 992105
467343 750741 216240 74545 851811
552052 445951 896637 985808 748163
2
250 190
152 260
2
590224 713967
958675 915107
2
77 10
21 20
3
628 120 243
619 986 50
136 711 419
5
3015 7858 1998 2296 4055
2261 4794 5090 1156 6456
5684 4528 3973 9985 6724
5228 5957 8712 4429 5542
4748 6262 87 9764 9344
2
190229 316443
435079 609996
2
12 935
404 743
2
2231 635
448 1083
6
5090 7229 3775 4685 521 7746
664 2667 5571 3488 9870 9721
9013 2699 6946 3173 6574 7897
5761 9271 528 4967 3091 9743
9323 4700 2324 8107 9625 9934
8262 4533 3769 5689 7513 644
4
33 82 7 35
53 77 19 11
60 54 86 93
65 8 98 84
6
801 69 365 745 311 528
797 388 68 480 971 700
829 753 803 343 489 508
997 149 232 378 267 471
270 8 957 604 118 621
289 286 492 884 648 252
3
7142 5298 4244
828 6400 8167
1549 2738 2749
4
2 10 5 7
1 8 5 3
8 1 9 5
4 3 4 9
4
16 19 30 55
61 62 45 59
98 42 70 62
28 58 91 85
4
38 933 498 720
362 383 397 58
411 135 386 439
170 210 48 50
6
8 10 10 2 7 1
7 6 3 7 4 7
10 4 4 3 3 4
9 1 10 4 1 9
3 9 7 6 8 9
8 6 8 5 5 2
3
75 41 31
24 36 53
13 4 30
4
9 9 2 4
9 10 4 1
2 4 10 9
8 4 2 1
2
636 979
544 523
3
633 990 511
227 162 430
599 338 867
5
118 2941 5873 7591 2740
772 3787 8774 5804 6252
3421 4643 9350 9081 413
5352 2815 9140 7300 7833
6577 6527 6099 6633 2301
3
33605 42668 33658
67902 51506 67971
23297 13775 13211
4
65932 33110 36530 74370
47256 53283 86340 54045
1274 36591 34034 45535
82295 23088 21691 98959
5
58330 270194 56122 274734 535325
690960 74322 952743 604097 658408
314314 880607 435936 510261 305019
823359 354334 901180 21056 115066
163776 764135 874134 733866 265008
5
484 733 816 174 550
449 691 86 360 641
741 60 774 918 916
898 364 544 606 874
649 876 946 342 875
2
3079 3591
9226 4930
2
9 5
2 10
2
7638 544
5624 8874
4
19 5 38 33
91 69 18 71
48 7 63 52
37 99 100 8
4
434 8478 2285 2026
2635 7068 1729 5598
470 3302 8909 9868
6509 7254 422 6055
3
57 93 47
65 93 18
82 81 92
6
603941 195042 275002 918651 244284 303995
258603 997230 924069 806549 868774 129407
641010 532688 86324 967996 183056 922214
319508 717415 840261 31784 494555 286089
427746 657866 417328 573779 64096 537075
830269 802424 680941 345726 233428 368236
6
3 4 4 6 1 1
7 10 2 3 8 2
7 1 4 3 8 1
10 5 4 6 6 7
1 7 8 3 3 7
1 5 3 5 1 7
6
51224 44890 70102 77263 45508 96940
68137 76764 81619 31596 3610 91883
88330 39181 68953 28599 44013 92997
71769 88229 65468 41109 30205 15170
73781 28734 74233 47156 76884 13221
63859 53020 95273 32240 28185 77212
6
998347 37401 113491 495571 999490 152245
407049 238980 398556 135286 810919 33065
503787 733528 510395 379804 908152 861499
399035 836498 679811 46600 888372 399868
32315 287610 918403 503076 556108 912237
733824 852695 689374 715219 951040 370695
5
607 6757 2958 9995 9604
2247 4100 9383 2457 9853
5637 2062 8927 1924 1237
4886 9176 4727 5055 3522
6218 4511 4682 7292 3597
2
42495 34145
58246 28687
5
324746 641553 645070 151500 168980
418362 643144 601548 568656 850391
244301 175510 947392 435872 876134
361592 923511 690409 971209 856910
512557 801254 303716 612248 905308
3
5213 6615 3135
7954 1818 7612
474 1827 2119
3
4278 7058 7309
3075 7795 4210
5811 3055 4513
6
9 3 5 1 4 6
2 7 5 10 3 1
10 6 6 9 9 7
10 9 3 6 1 6
6 6 8 2 10 2
6 7 8 10 4 6
4
6 9 4 6
5 5 1 8
9 3 3 3
6 1 10 8
3
7 8 8
9 4 3
7 2 3
6
34 58 70 27 8 44
98 4 22 95 37 61
18 4 49 40 86 45
19 26 38 54 44 13
59 77 71 49 94 62
53 41 97 83 46 1
2
9 8
6 4
6
237314 757802 457847 879003 819806 51181
228269 317325 87840 43874 93120 356774
789788 441476 671519 553519 817271 308300
548713 263614 281553 932602 262314 965377
333103 376387 91545 327760 208539 655698
852443 391685 873746 136012 548837 753354
6
2 7 2 9 7 10
7 6 4 8 10 1
10 1 5 5 5 1
3 2 9 10 7 7
10 1 5 10 6 8
1 2 9 7 6 10
4
4178 3069 4612 3570
1893 5916 1611 5262
3284 3820 4012 6103
6600 1622 5895 5805
6
6799 9383 7112 9511 9249 983
258 241 7661 1452 1786 333
8777 4771 6485 8432 4494 7686
5944 5679 7596 8231 5928 5210
9777 9060 283 6251 6905 4560
86 9331 2923 4515 5510 9683
5
92763 41834 21876 99616 44244
21194 428 99823 70577 58002
59566 49518 78029 93960 57037
57466 66101 15333 47043 77538
5160 34103 93268 4776 20812
4
162 876 15 932
622 764 303 829
328 737 727 738
958 617 918 631
6
363 921 242 204 967 140
138 901 1000 826 988 647
373 702 953 518 839 1000
326 445 705 450 472 753
151 806 362 537 872 606
771 686 566 510 477 890
4
673302 383171 976436 708274
20902 616478 726177 285540
715432 815286 872607 679732
649826 922183 48246 762661
4
441 436 270 293
725 432 756 773
906 467 54 589
702 419 775 273
2
6193 61
934 863
5
10 10 4 2 10
6 5 10 9 4
6 7 2 4 1
9 2 6 2 5
9 5 9 7 1
3
6 8 3
8 7 6
9 5 1
2
40 71
70 64
6
7281 9793 2858 740 5221 6715
1944 5759 7378 9571 7197 3944
6885 9998 1748 5767 9306 9651
3031 6874 657 5496 3207 4814
9999 1421 3709 8489 151 9883
9796 8159 2619 5918 9890 1555
4
8832 20659 22603 75726
50734 79138 86456 3221
54729 96624 16315 85224
60241 32772 39158 97534
4
117 425 316 373
929 939 986 781
290 52 529 17
443 45 471 110
3
71227 324912 375204
551030 286021 960432
368030 122411 382719
3
179253 325916 780783
423380 946652 474446
392226 200482 942127
5
74 15 40 99 91
72 37 64 21 71
21 26 50 15 58
38 55 81 52 67
59 6 58 91 89
4
5 5 6 1
5 8 2 6
5 9 4 4
6 9 1 5
3
46818 36210 30641
35436 73659 60942
42580 57770 97446
4
586 806 627 395
571 209 798 26
53 777 395 693
644 638 150 184
6
4170 9225 163 5968 110 844
7999 4318 8285 7085 5424 8247
6426 8390 5472 5294 4409 2814
1795 6418 8930 5480 6676 4473
4154 3788 5647 7090 2943 9326
2220 4672 3625 1895 4864 2608
5
72 85 56 33 12
55 38 15 99 40
42 44 51 64 74
53 2 98 62 100
49 3 42 50 69
2
253447 659951
616448 942627
5
93353 71802 74693 35606 43238
71731 71203 41747 20152 39577
3964 10365 5640 30321 20634
3887 47819 91759 92624 73520
2961 94587 53666 68659 61336
6
1827 187 8341 4283 3052 3015
1671 7867 2154 6551 415 1081
6466 2383 1294 8434 8229 2708
1724 9054 9530 6025 8197 8216
4889 2929 420 7238 7189 9678
4045 2990 8523 7302 5957 2034
5
39317 21969 46356 5810 85279
80782 199 35343 6457 23163
60083 62811 90307 18598 94712
54162 37683 73923 27914 46715
79920 72043 42629 90863 23525
5
3 7 1 6 1
10 10 1 7 4
9 1 8 3 4
9 6 10 3 4
5 10 4 4 2
5
60 23 34 87 98
48 84 15 1 9
83 29 16 22 47
57 99 47 69 6
98 37 61 46 24
6
1 1 7 2 4 1
7 2 4 6 5 8
10 8 8 5 4 8
9 4 3 3 8 3
5 10 10 2 9 1
8 4 8 5 10 7
3
5162 1872 5630
2445 1821 2947
4328 8598 8120
5
431 16 552 923 517
457 60 778 516 962
493 963 870 568 628
202 567 286 133 990
985 108 736 313 746
2
634 568
567 13
3
75503 94623 79079
86484 37198 34612
17666 67115 42551
2
19444 43229
11474 86957
6
8 1 5 5 6 5
3 4 7 2 7 5
10 9 7 4 3 2
6 10 2 10 3 6
6 5 7 6 1 7
9 3 2 4 5 10
3
4 10 2
9 2 3
10 8 4
2
509 891
949 549
6
1 3 4 5 6 6
5 10 3 2 8 8
8 7 2 5 1 7
6 2 6 7 7 5
9 8 5 3 7 7
4 5 1 4 7 4
6
626913 428691 986070 624020 998174 299243
852061 629350 140083 584169 526029 112764
265444 7335 439472 530478 204646 769683
514755 647220 123080 2616 829782 667442
48462 986991 402345 312292 237192 900403
839096 429795 790182 843363 151119 890479
3
357807 910453 469944
472745 483731 1114
621339 720074 208053
6
2725 8857 4269 3039 8699 8715
4149 3247 4034 7827 8418 2893
2721 2 9894 2317 4306 9907
8213 9835 9666 8547 8651 2229
8104 2299 1137 6136 3096 5050
5946 753 6935 6532 7766 7141
4
3173 2866 336 1597
7116 6380 4841 2887
3450 1419 4402 9536
4007 4103 1476 9763
4
94 29 34 45
54 62 84 16
64 10 57 79
21 84 72 88
6
38 73 71 5 2 6
100 19 75 29 27 44
5 28 37 15 65 4
58 96 51 26 62 74
65 41 49 11 73 42
92 69 32 29 36 93
5
462 54 823 627 167
832 226 818 866 523
346 911 368 72 532
368 730 364 537 594
926 426 846 846 454
4
9820 9556 4022 1143
6649 9474 5672 9360
8589 2166 641 7837
8139 3886 7269 6107
6
1960 3679 6053 3394 6192 8176
893 1813 7141 4607 9674 2970
4837 4643 7744 988 5501 1365
4283 2403 4155 5617 596 9279
1424 9349 5476 5826 1921 2293
1356 6031 7908 2662 6365 7724
3
5 1 1
1 5 8
10 8 8
3
920680 228951 678012
314496 501651 666066
608502 301251 555577
2
69 362
221 438
4
4 6 9 5
3 1 8 1
7 7 8 5
5 6 4 2
4
3734 8529 7437 7415
6950 1332 1923 4875
3277 826 9116 7533
5466 9379 5775 768
5
727 196 790 929 785
982 943 65 839 385
688 408 69 86 902
288 365 814 370 589
457 912 414 342 238
3
62887 58113 6013
1370 42584 32970
19262 338 86954
6
6 9 7 6 5 10
2 4 10 5 10 2
5 6 8 5 7 1
2 6 1 1 3 10
8 1 9 2 2 6
3 2 2 8 5 6
4
656 5544 3559 4321
4134 7466 4524 9494
4566 8469 9435 2478
8423 6266 7959 151
6
7 8 4 3 2 7
5 9 10 3 10 3
1 3 4 9 3 9
9 8 2 7 7 4
8 8 5 7 6 5
7 9 2 1 2 9
4
27 99 5 49
58 100 48 38
17 10 1 10
72 7 86 66
6
344 97 690 915 102 619
178 292 873 270 538 741
680 847 956 455 396 784
1000 634 5 547 284 947
289 774 372 782 426 278
138 482 465 743 783 867
4
8 4 4 8
8 10 9 7
10 9 9 2
6 4 8 7
4
6066 47834 16410 77219
55213 90951 39266 9722
17911 136 18853 26708
78950 16595 16832 89395
6
985965 581681 954345 707698 402215 270511
636805 299088 36163 63046 98911 281516
742862 15706 176362 560743 710045 943524
1587 749403 272371 759791 605188 417716
253888 909827 721899 635336 89104 427567
289338 844587 283146 318321 784403 69346
2
10 10
7 10
3
79334 95171 53049
43501 69749 15
46101 58984 21153
2
91 92
47 81
5
7 7 2 9 2
10 6 2 6 9
9 5 5 5 3
7 8 1 10 7
10 3 1 5 8
2
932 493
216 203
2
753 184
275 539
4
806 990 977 218
135 607 583 402
423 554 771 911
679 124 915 224
5
4951 468 2859 4907 6243
1747 7460 5544 8218 7594
6961 1113 3234 5232 6013
83 4602 1512 5389 2876
6920 9739 8761 6744 4528
6
876 231 806 48 824 406
280 327 951 281 416 659
167 2 583 52 211 577
801 496 681 708 884 968
777 947 386 385 881 780
857 870 573 38 878 777
6
11 995 796 73 951 668
333 836 632 938 686 222
291 75 866 910 582 842
525 612 580 301 815 943
510 992 316 161 831 236
440 929 189 338 313 783
6
888103 442668 632059 816663 737574 256185
710760 400580 673396 262116 332914 39941
302302 967862 638494 999323 147441 474355
804529 546458 461730 748018 231077 227577
573125 68979 279551 719972 558589 511245
400523 455737 568778 969156 77553 558700
6
78 43 30 1 31 46
24 71 42 42 57 100
95 27 37 67 13 37
39 67 21 52 1 14
86 98 41 61 97 2
43 81 80 19 54 67
3
5 3 2
9 7 9
2 4 1
6
82 4 80 87 53 12
10 53 70 8 12 92
84 86 34 28 54 29
21 96 63 46 77 79
49 64 57 86 94 83
9 45 41 56 18 93
2
2 2
5 3
6
447 687 835 209 966 677
782 132 336 514 575 86
669 284 162 80 877 181
997 345 473 868 334 551
775 148 944 238 660 355
36 995 370 222 692 724
6
56236 18579 29076 80088 72519 87087
95714 26847 4588 60262 42686 73218
18415 54474 56485 95427 26184 73066
28744 33637 30679 28989 93427 42544
44308 33666 69805 99976 55348 81191
88301 46950 8082 85663 66625 56439
5
34 93 66 63 39
51 9 22 2 89
30 70 62 77 54
2 22 54 45 89
35 20 71 100 35
2
9 9
5 9
6
6788 6094 9898 8052 2935 7140
2 6782 1868 836 5966 5902
5295 514 6587 3805 2401 6173
2897 9312 6730 2007 9271 7755
2703 982 2385 4091 7707 251
4127 8361 4785 7402 6193 8657
2
5710 3223
3449 276
4
75 6 17 70
69 36 87 51
10 38 43 78
22 39 90 88
6
7071 6680 4181 387 2297 8099
9505 638 780 2755 1108 7522
9443 2263 818 4184 3113 3292
3760 9118 2035 7938 8041 9233
5156 9294 4748 4341 5250 6941
9184 8416 2130 7216 8889 8990
4
575869 329051 974041 862864
957007 211391 803959 805293
858425 102488 952683 966575
384067 742995 3896 246741
4
925717 79474 408910 244023
740513 949424 970674 18584
477683 653918 392475 226919
530549 241226 622998 660829
5
3 1 8 2 7
7 2 1 5 2
3 9 1 6 4
7 4 6 3 2
7 10 7 5 7
3
85 29 86
19 94 74
78 17 19
6
42099 14826 8264 89556 38158 55516
29577 73638 724 27724 93106 69959
95625 88464 97938 64469 83292 77589
47831 49658 75522 77205 87251 67278
43457 83068 53772 37537 30719 34515
67284 76219 25207 77837 23478 16488
4
734 599 611 301
939 744 250 562
299 533 394 941
223 832 406 109
6
5720 4289 96599 68913 78827 13605
47034 62904 97002 84498 85222 74912
24283 70689 70798 46329 29076 81366
62544 6306 65225 93462 18540 57686
62199 4595 73963 61512 74408 82182
95186 24434 14951 9836 69590 52473
5
60 476 658 594 821
670 674 894 256 1000
574 962 306 708 600
761 469 869 63 805
928 771 984 519 967
5
1783 5284 8849 5604 5046
1023 15 379 8190 2049
267 8957 5066 2914 8788
5880 6453 2419 83 9151
1210 2673 3213 3858 5474
2
587624 560727
125494 315067
5
4 6 3 9 2
3 5 1 5 10
5 7 10 5 8
1 8 3 2 4
6 1 8 9 7
6
814197 403118 929785 358502 176670 339600
560982 726501 897745 594354 244606 406120
889919 151372 161505 747212 394372 358742
283186 636049 717852 739238 359602 644933
619702 41777 347385 990668 992309 309231
913656 159626 721840 634736 842298 725889
6
4664 8000 7397 7559 7615 2922
5520 1385 7143 244 7114 9225
883 2075 3447 9544 1179 1506
8318 4598 7578 8355 6529 7222
608 6053 3002 7694 2602 543
8745 5665 3749 6627 8453 7701
5
9102 2352 9241 134 1816
9414 3861 1423 3915 2077
2270 7179 7742 6298 7881
2604 1044 7662 8894 8583
9486 2640 5525 3600 5916
5
50955 73696 76044 99821 37775
92668 38219 9440 6510 58432
36535 56596 59927 3782 10947
77181 63158 44317 9956 71178
83065 89553 19115 88663 87831
3
220621 82560 798736
59941 443214 272100
763018 357129 54163
5
55471 56765 94437 30967 5016
79407 89899 71579 53684 78270
97411 10381 89375 85954 17911
80454 4622 80908 15694 53505
3466 85143 64945 47606 64777
2
42956 24347
43404 42388
4
247877 615365 518105 927073
988217 932219 184078 623702
893786 624888 668340 384834
890823 806161 8822 381110
3
49007 67050 26356
5545 36340 69338
94887 74191 60825
2
828142 999413
661254 40856
4
57653 9131 95752 49855
96795 85092 92818 71535
54330 28209 17622 32408
57668 27727 15268 58039
3
829 892 764
399 36 175
494 459 670
2
10 3
7 1
4
42 31 70 18
45 30 99 49
1 16 27 92
96 71 35 32
4
77 81 5 14
27 94 3 31
2 56 21 42
19 54 49 35
6
1052 1469 8983 8321 1098 9047
8376 3459 9161 9606 2559 3594
1309 4308 1462 6061 4775 3687
8011 1349 5146 2966 4083 6640
3899 2710 477 7589 5544 6522
9659 7749 2763 9183 9747 8233
2
4 5
2 5
3
14227 79041 82733
65791 3006 60616
41293 43502 55094
3
61 35 9
87 1 71
67 15 54
4
7107 5721 7188 9429
4837 1640 3821 7175
9047 7828 6987 9127
5896 4240 2572 1386
4
3 5 8 3
5 7 4 8
6 8 8 5
7 8 6 1
3
227043 679212 169817
876741 931097 898595
839272 50979 633105
3
5 10 4
5 9 7
10 6 3
4
7816 327 5161 8526
3535 4722 4948 6481
6228 7395 9490 3208
7351 6341 8095 7129
3
71866 14080 2079
54262 15969 23608
12375 24642 69622
6
1 4 7 2 9 10
6 1 9 3 1 4
7 1 3 10 2 9
1 8 1 6 2 4
6 7 1 6 7 10
5 9 7 1 1 5
5
8 6 8 8 1
2 9 8 10 1
6 1 8 7 4
5 7 10 10 9
2 6 10 2 3
2
6 6
10 9
6
182 405 224 107 77 872
805 649 394 834 964 680
969 748 146 913 372 779
613 571 919 489 86 915
542 818 44 679 807 334
491 698 702 391 448 133
5
234156 271 446507 746736 667418
171968 393239 922647 670477 719504
544944 355410 714722 634040 559517
722049 19857 83766 162873 681405
417945 607511 658358 604227 880188
3
429 342 779
442 151 197
603 706 291
4
3 2 6 7
2 8 2 5
2 7 4 10
8 6 2 8
2
266 796
415 625
3
5096 7201 8775
901 2680 8635
402 764 979
4
6 6 6 9
7 1 9 10
8 5 6 6
8 3 8 1
5
2 6 8 7 7
2 2 10 5 8
1 3 8 4 1
2 9 4 10 8
7 7 10 3 5
5
18 80 78 58 81
84 70 74 45 72
48 27 61 35 16
80 88 25 26 46
68 84 63 7 50
5
4 6 1 8 9
7 7 5 9 10
5 4 6 5 4
10 1 2 1 3
4 2 3 5 9
3
7 5 6
9 7 10
2 8 9
5
83127 85533 90670 48765 73539
90431 18838 54760 31019 92540
59171 60724 98525 20890 18737
48655 7108 36200 81240 54886
27512 1289 69510 52634 36898
6
79174 96590 11237 77151 49987 55943
14610 95530 74508 53675 14189 36289
28143 59457 63644 25051 83519 49748
61750 38852 70790 9853 98632 590
7058 34866 68796 95973 53492 25907
80661 96697 54225 68512 47258 16855
4
836 350 687 191
103 208 572 635
920 28 976 811
218 961 109 750
5
1 92 29 60 52
60 40 42 33 76
39 13 51 62 81
91 46 67 96 63
55 1 9 12 96
3
53 84 20
91 89 51
90 85 15
5
329142 612153 293396 357722 2336
845374 969092 457879 893716 79226
52636 629578 518589 439381 664357
681247 903513 535560 5875 598740
760755 168296 636918 140999 374252
6
656375 104730 770395 858201 823716 830331
190136 647246 504080 654810 491421 566688
615246 832834 684591 861673 131947 148071
811162 131586 413957 979684 792422 665241
777046 216571 943338 127724 605490 942001
477081 771985 897286 549559 834308 673900
3
70726 82632 98335
69579 33004 51761
7601 93021 36621
5
36194 19773 27602 22699 51211
5056 58522 20382 92438 8482
99790 18019 32920 4784 67530
76420 58181 21815 6723 20392
6121 7862 46967 16434 86208
2
882061 503569
237862 519220
6
6 5 2 10 1 2
10 4 9 7 3 2
10 9 2 1 6 5
9 9 1 3 1 1
3 3 9 3 8 8
5 1 9 3 7 3
3
6 163 850
95 449 790
886 2 994
2
590 115
298 436
3
221733 212118 50448
593516 952146 259770
175906 453455 405383
6
453935 66859 313935 833204 873526 818289
62096 468222 714511 394917 196370 561885
936476 507722 74342 996964 971018 135553
659520 632132 758550 803462 787512 229398
721723 806384 394419 232692 522903 829526
957967 348018 728442 590126 12495 19773
4
32028 97897 60577 83374
18299 26689 35232 64747
12957 77032 97556 14717
35430 13533 2590 54766
4
347 244 344 100
770 932 188 718
196 548 938 991
321 903 952 241
4
55270 20351 39565 24443
7745 49669 4326 75749
66189 89536 31585 532
76124 45270 4563 58413
5
10 2 1 8 7
2 6 6 5 7
7 4 8 8 8
9 9 9 1 8
10 10 6 10 7
2
258 540
986 29
4
83 79 92 81
96 42 64 10
83 86 40 37
76 70 2 68
3
1661 9435 4024
7623 4951 2246
5497 1817 4368
6
57349 48128 66430 94244 94159 93956
25187 55895 63160 83431 16729 95351
52449 40372 67460 86949 1975 50287
40805 52529 5065 89884 35117 86511
75657 23360 55972 22691 92373 65465
15353 78719 30011 83522 54715 9352
2
476 995
897 622
4
85315 52138 80596 69359
35217 65876 92944 17575
90778 12416 42500 26405
68336 27751 9749 24872
3
689 973 564
515 949 305
642 865 825
6
382186 268448 330419 624480 981305 747293
454118 445117 10904 746327 968625 591220
740332 831460 578603 102142 899289 7069
55097 709988 881752 812088 150142 274478
807724 445187 364562 405449 698474 320898
78708 197092 16021 652410 733450 6612
6
419 536 842 684 631 377
560 572 688 729 469 682
695 281 952 497 599 569
440 734 197 698 56 8
312 536 317 779 67 80
523 481 90 391 510 885
4
7353 9613 4541 7527
3849 6455 277 6904
9501 6897 4039 9984
8098 9103 8698 9795
4
781105 924789 946783 189519
977961 150183 707470 271100
561586 494609 829855 787820
698137 446512 521476 532616
3
72635 50816 5778
43858 40908 38759
66374 57105 17723
4
38520 65463 19505 31811
20040 52220 3405 59612
87119 98148 51879 29395
98316 53033 43514 48001
4
21504 80523 2032 8350
84130 94706 31375 10393
33967 55442 33193 78863
6031 64601 53759 28488
2
267301 263678
351612 827620
4
46 82 48 91
45 50 82 26
7 66 23 71
41 14 66 5
3
664 6041 6072
1191 8658 5610
4660 3541 9517
6
40 72 10 1 31 51
43 76 10 44 93 90
68 88 24 63 35 1
13 11 40 37 86 6
100 71 61 2 99 43
55 59 34 40 69 87
5
6 9 10 8 10
10 1 10 1 4
3 5 3 4 8
3 8 9 8 10
3 2 4 6 4
3
6028 4116 3841
1849 3722 2626
183 8184 4180
3
759 148 298
222 574 684
658 143 263
3
796 7505 2804
161 9772 9817
1186 5326 2158
2
286 284
986 443
2
72998 30033
100938 896215
5
927 749 926 554 258
839 357 610 61 914
960 796 973 601 173
489 375 391 425 411
963 316 91 460 274
2
506879 490526
822275 432076
2
18207 40891
5332 77705
4
2161 8239 7482 1021
8360 9992 4603 8129
9671 1621 9775 233
8039 2692 6550 8208
5
2658 432 8836 6373 6031
8312 4188 5138 3409 8073
1026 8795 3704 9793 5551
2507 4502 7765 800 9281
1690 9884 8017 179 933
3
8113 69 7397
2920 6398 1414
9094 3505 2848
6
1 2 10 9 10 9
9 7 4 7 5 5
8 2 1 2 2 8
7 3 6 2 1 5
3 10 9 8 9 1
7 7 6 4 2 5
4
76189 882192 403567 873394
674675 679349 144131 195655
948659 217143 132043 530373
340313 982941 690275 54511
6
7 5 10 8 9 4
1 4 6 6 9 1
9 2 1 3 3 10
4 7 7 4 8 1
5 8 10 9 8 4
10 9 2 8 4 7
6
4 7 3 4 3 6
8 3 3 2 1 7
9 6 9 5 6 5
6 4 3 8 9 3
3 10 6 3 3 10
4 4 8 6 10 8
6
68983 79085 36277 10436 38785 27894
39290 55641 29306 12834 98806 69234
29110 33466 26330 97628 16002 12580
16011 47240 19243 49526 30959 35246
71293 86190 52253 33886 33897 68033
24626 93722 33368 83197 37822 62735
5
60121 476387 98264 865914 783813
789236 842979 287788 607351 46413
345232 348684 601650 745699 976423
812396 751759 485277 133007 105711
338134 36072 196496 955691 164199
6
59 277 473 955 630 55
405 935 477 149 393 250
390 818 658 361 923 900
815 580 519 338 953 769
8 4 596 186 925 203
128 599 458 585 786 319
2
538 246
378 120
6
85667 25205 67277 17100 40379 15543
42565 23050 143 93514 1336 21605
90546 28110 94984 4376 84094 29137
23501 71956 64926 62474 75007 15725
90985 40049 89411 7961 15587 56609
75857 28084 24843 82037 78255 15177
3
125 701 799
464 896 478
698 384 277
6
71 71 97 60 10 43
85 98 38 49 54 2
17 4 23 98 30 23
1 58 1 71 64 25
54 3 76 55 96 19
27 22 62 14 29 1
2
70 48
6 53
4
55578 76074 93615 5269
50558 23301 87150 61361
69940 27804 14522 21476
25369 21381 82753 16617
6
8 8 10 5 4 9
1 6 9 2 3 10
6 4 3 8 7 3
1 5 7 10 4 2
7 1 9 9 10 4
8 6 4 10 2 10
2
7798 6812
1199 3299
6
94057 47142 21558 9863 62662 62152
67607 2860 82754 8315 13455 59540
26649 65737 74620 35781 20773 75850
34616 91077 3482 189 91509 3824
94346 55296 97405 37616 42842 48725
35460 90295 22267 97002 17961 31602
3
7450 601 3672
1620 3051 9673
2564 5642 1362
6
170 478 665 305 288 40
273 751 885 629 446 395
303 199 50 189 117 170
127 140 238 948 769 806
123 118 850 558 392 651
838 692 726 517 718 626
5
7 10 3 7 1
7 3 4 1 9
4 1 2 8 7
3 8 4 10 7
3 2 5 7 8
4
203240 25511 739308 608155
521891 40638 632014 248378
820382 600168 3824 942216
533882 613212 259200 491635
4
3741 8890 4970 238
1405 9863 3256 5382
1345 8875 5978 4719
7363 4887 185 8597
2
23182 355844
151820 547165
2
781 485
673 791
2
72 236
860 158
4
10 10 3 6
1 10 5 1
9 9 2 10
7 10 7 8
4
16 33 98 81
50 85 47 100
66 51 32 90
9 53 76 35
2
9 7
1 5
2
259 784
330 810
5
438005 101741 614655 898439 42217
173661 678111 695390 10315 485000
996118 7506 827031 994522 234791
775780 716119 344668 410018 409987
419067 519168 175612 982390 401428
6
12 32 60 93 4 74
51 39 33 23 97 36
45 99 1 23 24 44
36 69 78 11 34 58
65 99 67 54 95 65
87 69 72 68 61 4
2
680 644
927 118
6
8699 2127 929 8444 3790 1674
9206 8695 9072 3769 6739 2991
1633 344 7346 1706 6282 9881
2116 3883 1500 85 6022 4206
8950 3112 2222 7266 1980 9747
500 6626 6860 5053 4581 3822
3
594441 536787 898035
792233 129879 717502
824560 451391 124287
5
17719 99908 16049 76101 51216
76582 3237 7886 64767 44805
21689 64607 40882 50543 22242
3032 57256 8730 68403 84760
97367 19291 18021 55271 81404
5
1 6 1 8 9
4 7 8 6 3
1 10 2 1 1
4 9 5 6 2
2 5 4 4 8
4
7 1 9 10
3 7 8 4
3 10 8 4
8 6 1 4
2
77 41
13 38
4
86520 77878 82298 65707
49094 72916 45965 19645
1160 97670 7329 97660
95432 68190 18793 59555
3
49566 62308 47167
21353 88101 70501
41158 2131 97698
3
234 516 893
775 169 411
395 741 627
4
31918 5084 10559 70119
3915 72465 388 34788
84249 89721 80341 19486
92114 77634 86693 19787
6
833 623 44 364 331 610
670 96 890 619 495 17
416 990 630 941 268 467
443 789 916 643 594 848
460 864 817 403 622 391
500 826 409 924 408 690
6
683272 531756 982836 661684 254844 872529
165123 631502 759648 839222 372214 116647
285694 348641 802700 726703 190081 613388
130722 553130 711465 574987 594847 279495
794489 628473 574978 600137 883304 315489
106576 802200 156597 105808 172855 721352
5
63 2857 1970 6213 4051
5650 9996 6029 3765 1035
872 9487 795 9140 9928
2366 7041 8772 9356 5731
8795 115 2431 8698 6427
5
34173 78386 2012 55903 59784
34433 83054 96083 66964 67530
9577 46254 62566 5148 58186
14094 26175 19647 39052 81556
20786 11193 64803 14968 58878
4
84 43 28 86
80 30 77 85
30 14 17 70
16 71 52 17
4
822042 156376 836418 150702
700923 731650 410599 871860
191475 241931 342908 125672
768899 692830 163489 129699
2
8 1
2 8
5
63099 78266 6669 86979 61256
74793 84645 96807 81416 56367
7499 11747 80198 80462 58291
50997 60178 85698 1427 97308
89668 92468 93451 15807 25604
3
194 794 38
210 995 815
770 636 74
2
16109 97341
24253 92968
3
6 9 3
2 7 2
1 6 9
6
37954 63092 39528 89777 88584 18952
22508 13925 60439 18908 88966 24199
45890 33394 73506 84045 93771 19707
20375 2672 3500 56563 28695 870
302 75153 69428 69491 74275 45913
51060 11872 7830 82424 90128 31118
3
22396 50080 56877
21236 73391 7050
10980 68896 93175
3
7 1 10
10 3 7
1 1 3
2
8009 14283
68023 23915
2
8 3
9 1
3
6343 5337 8197
3655 7131 4037
5064 851 5969
6
883 203 346 888 874 913
74 120 527 949 281 269
782 782 401 478 889 67
904 418 394 309 147 620
630 442 788 275 676 821
589 240 486 121 564 104
4
720 484 929 363
952 849 147 542
311 948 491 644
932 36 294 229
4
527215 125424 2686 910158
727395 970436 507479 568329
963803 671421 385786 379470
537346 102453 124987 482916
6
7690 5063 8067 1892 442 6754
4955 6892 4241 3863 230 8463
1428 5072 3666 3901 3272 1927
3182 9905 3958 439 9788 5712
9365 6252 7469 1821 4679 1456
6287 3814 2548 8105 3416 7574
2
97 71
48 63
6
5 8 9 8 9 10
6 6 10 5 9 8
2 6 9 6 6 1
9 4 6 3 4 9
4 10 6 6 1 6
10 4 3 1 5 8
6
2 10 4 3 4 10
10 1 1 10 5 6
5 2 4 4 6 4
3 5 7 3 8 4
3 8 1 6 2 8
5 2 10 1 9 3
5
796 171 437 662 425
332 847 193 984 164
640 950 53 515 938
514 267 170 526 13
440 145 468 121 542
3
239196 874 490736
849500 908380 502352
213284 31164 830423
2
404084 283360
868041 121399
2
9930 8751
5617 54
5
3603 4086 4824 1954 6299
9079 8560 2328 9891 3487
5842 6846 8389 7466 1253
6531 7414 86 638 6592
9074 4377 3577 8777 1235
3
94189 183181 65240
442296 51718 130601
912652 337870 21338
3
94612 85168 82524
85567 64807 49366
73567 24097 22159
3
9492 2787 5574
3360 1945 3030
3825 8761 6492
4
440378 467596 815563 550461
38573 276344 554879 509451
491347 743022 719347 647215
880637 306544 179967 390659
5
43536 82997 85943 37166 83676
64698 58871 54519 59485 91993
73640 51000 28573 27664 20346
55211 14960 83536 70871 68752
5428 27786 58516 48347 79201
5
79268 76645 55695 96665 71407
13424 35054 15214 13428 14170
60421 54181 24055 45241 26691
97500 72276 96391 4362 42898
24497 93511 41529 18981 88577
4
7109 4824 7423 3947
7846 3570 5640 5993
7584 9852 8282 7412
591 8848 6595 583
3
885 25 372
423 411 687
31 129 991
2
2 4
4 10
2
5 10
2 10
6
9408 6626 3723 8257 9866 2732
4846 321 7164 9827 7383 6887
9821 7197 1662 9143 3416 8766
9941 4099 7507 6524 2606 8686
899 5222 4125 1098 2453 6444
8051 2702 403 4870 6404 5828
4
89901 2804 75135 68223
18024 68216 53595 95749
67688 5315 8774 48147
64619 69525 73813 40836
2
478 8000
5903 4503
