1
2
3
4
5
6
7
8
9
10
11
12
13
14
15
16
17
18
19
20
21
22
23
24
25
26
27
28
29
30
31
32
33
34
35
36
37
38
39
40
41
42
43
44
45
46
47
48
49
50
51
52
53
54
55
56
57
58
59
60
61
62
63
64
65
66
67
68
69
70
71
72
73
74
75
76
77
78
79
80
81
82
83
84
85
86
87
88
89
90
91
92
93
94
95
96
97
98
99
100
101
102
103
104
105
106
107
108
109
110
111
112
113
114
115
116
117
118
119
120
121
122
123
124
125
126
127
128
129
130
131
132
133
134
135
136
137
138
139
140
141
142
143
144
145
146
147
148
149
150
151
152
153
154
155
156
157
158
159
160
161
162
163
164
165
166
167
168
169
170
171
172
173
174
175
176
177
178
179
180
181
182
183
184
185
186
187
188
189
190
191
192
193
194
195
196
197
198
199
200
201
202
203
204
205
206
207
208
209
210
211
212
213
214
215
216
217
218
219
220
221
222
223
224
225
226
227
228
229
230
231
232
233
234
235
236
237
238
239
240
241
242
243
244
245
246
247
248
249
250
251
252
253
254
255
256
257
258
259
260
261
262
263
264
265
266
267
268
269
270
271
272
273
274
275
276
277
278
279
280
281
282
283
284
285
286
287
288
289
290
291
292
293
294
295
296
297
298
299
300
301
302
303
304
305
306
307
308
309
310
311
312
313
314
315
316
317
318
319
320
321
322
323
324
325
326
327
328
329
330
331
332
333
334
335
336
337
338
339
340
341
342
343
344
345
346
347
348
349
350
351
352
353
354
355
356
357
358
359
360
361
362
363
364
365
366
367
368
369
370
371
372
373
374
375
376
377
378
379
380
381
382
383
384
385
386
387
388
389
390
391
392
393
394
395
396
397
398
399
400
401
402
403
404
405
406
407
408
409
410
411
412
413
414
415
416
417
418
419
420
421
422
423
424
425
426
427
428
429
430
431
432
433
434
435
436
437
438
439
440
441
442
443
444
445
446
447
448
449
450
451
452
453
454
455
456
457
458
459
460
461
462
463
464
465
466
467
468
469
470
471
472
473
474
475
476
477
478
479
480
481
482
483
484
485
486
487
488
489
490
491
492
493
494
495
496
497
498
499
500
501
502
503
504
505
506
507
508
509
510
511
512
513
514
515
516
517
518
519
520
521
522
523
524
525
526
527
528
529
530
531
532
533
534
535
536
537
538
539
540
541
542
543
544
545
546
547
548
549
550
551
552
553
554
555
556
557
558
559
560
561
562
563
564
565
566
567
568
569
570
571
572
573
574
575
576
577
578
579
580
581
582
583
584
585
586
587
588
589
590
591
592
593
594
595
596
597
598
599
600
601
602
603
604
605
606
607
608
609
610
611
612
613
614
615
616
617
618
619
620
621
622
623
624
625
626
627
628
629
630
631
632
633
634
635
636
637
638
639
640
641
642
643
644
645
646
647
648
649
650
651
652
653
654
655
656
657
658
659
660
661
662
663
664
665
666
667
668
669
670
671
672
673
674
675
676
677
678
679
680
681
682
683
684
685
686
687
688
689
690
691
692
693
694
695
696
697
698
699
700
701
702
703
704
705
706
707
708
709
710
711
712
713
714
715
716
717
718
719
720
721
722
723
724
725
726
727
728
729
730
731
732
733
734
735
736
737
738
739
740
741
742
743
744
745
746
747
748
749
750
751
752
753
754
755
756
757
758
759
760
761
762
763
764
765
766
767
768
769
770
771
772
773
774
775
776
777
778
779
780
781
782
783
784
785
786
787
788
789
790
791
792
793
794
795
796
797
798
799
800
801
802
803
804
805
806
807
808
809
810
811
812
813
814
815
816
817
818
819
820
821
822
823
824
825
826
827
828
829
830
831
832
833
834
835
836
837
838
839
840
841
842
843
844
845
846
847
848
849
850
851
852
853
854
855
856
857
858
859
860
861
862
863
864
865
866
867
868
869
870
871
872
873
874
875
876
877
878
879
880
881
882
883
884
885
886
887
888
889
890
891
892
893
894
895
896
897
898
899
900
901
902
903
904
905
906
907
908
909
910
911
912
913
914
915
916
917
918
919
920
921
922
923
924
925
926
927
928
929
930
931
932
933
934
935
936
937
938
939
940
941
942
943
944
945
946
947
948
949
950
951
952
953
954
955
956
957
958
959
960
961
962
963
964
965
966
967
968
969
970
971
972
973
974
975
976
977
978
979
980
981
982
983
984
985
986
987
988
989
990
991
992
993
994
995
996
997
998
999
1000
1001
1002
1003
1004
1005
1006
1007
1008
1009
1010
1011
1012
1013
1014
1015
1016
1017
1018
1019
1020
1021
1022
1023
1024
1025
1026
1027
1028
1029
1030
1031
1032
1033
1034
1035
1036
1037
1038
1039
1040
1041
1042
1043
1044
1045
1046
1047
1048
1049
1050
1051
1052
1053
1054
1055
1056
1057
1058
1059
1060
1061
1062
1063
1064
1065
1066
1067
1068
1069
1070
1071
1072
1073
1074
1075
1076
1077
1078
1079
1080
1081
1082
1083
1084
1085
1086
1087
1088
1089
1090
1091
1092
1093
1094
1095
1096
1097
1098
1099
1100
1101
1102
1103
1104
1105
1106
1107
1108
1109
1110
1111
1112
1113
1114
1115
1116
1117
1118
1119
1120
1121
1122
1123
1124
1125
1126
1127
1128
1129
1130
1131
1132
1133
1134
1135
1136
1137
1138
1139
1140
1141
1142
1143
1144
1145
1146
1147
1148
1149
1150
1151
1152
1153
1154
1155
1156
1157
1158
1159
1160
1161
1162
1163
1164
1165
1166
1167
1168
1169
1170
1171
1172
1173
1174
1175
1176
1177
1178
1179
1180
1181
1182
1183
1184
1185
1186
1187
1188
1189
1190
1191
1192
1193
1194
1195
1196
1197
1198
1199
1200
1201
1202
1203
1204
1205
1206
1207
1208
1209
1210
1211
1212
1213
1214
1215
1216
1217
1218
1219
1220
1221
1222
1223
1224
1225
1226
1227
1228
1229
1230
1231
1232
1233
1234
1235
1236
1237
1238
1239
1240
1241
1242
1243
1244
1245
1246
1247
1248
1249
1250
1251
1252
1253
1254
1255
1256
1257
1258
1259
1260
1261
1262
1263
1264
1265
1266
1267
1268
1269
1270
1271
1272
1273
1274
1275
1276
1277
1278
1279
1280
1281
1282
1283
1284
1285
1286
1287
1288
1289
1290
1291
1292
1293
1294
1295
1296
1297
1298
1299
1300
1301
1302
1303
1304
1305
1306
1307
1308
1309
1310
1311
1312
1313
1314
1315
1316
1317
1318
1319
1320
1321
1322
1323
1324
1325
1326
1327
1328
1329
1330
1331
1332
1333
1334
1335
1336
1337
1338
1339
1340
1341
1342
1343
1344
1345
1346
1347
1348
1349
1350
1351
1352
1353
1354
1355
1356
1357
1358
1359
1360
1361
1362
1363
1364
1365
1366
1367
1368
1369
1370
1371
1372
1373
1374
1375
1376
1377
1378
1379
1380
1381
1382
1383
1384
1385
1386
1387
1388
1389
1390
1391
1392
1393
1394
1395
1396
1397
1398
1399
1400
1401
1402
1403
1404
1405
1406
1407
1408
1409
1410
1411
1412
1413
1414
1415
1416
1417
1418
1419
1420
1421
1422
1423
1424
1425
1426
1427
1428
1429
1430
1431
1432
1433
1434
1435
1436
1437
1438
1439
1440
1441
1442
1443
1444
1445
1446
1447
1448
1449
1450
1451
1452
1453
1454
1455
1456
1457
1458
1459
1460
1461
1462
1463
1464
1465
1466
1467
1468
1469
1470
1471
1472
1473
1474
1475
1476
1477
1478
1479
1480
1481
1482
1483
1484
1485
1486
1487
1488
1489
1490
1491
1492
1493
1494
1495
1496
1497
1498
1499
1500
1501
1502
1503
1504
1505
1506
1507
1508
1509
1510
1511
1512
1513
1514
1515
1516
1517
1518
1519
1520
1521
1522
1523
1524
1525
1526
1527
1528
1529
1530
1531
1532
1533
1534
1535
1536
1537
1538
1539
1540
1541
1542
1543
1544
1545
1546
1547
1548
1549
1550
1551
1552
1553
1554
1555
1556
1557
1558
1559
1560
1561
1562
1563
1564
1565
1566
1567
1568
1569
1570
1571
1572
1573
1574
1575
1576
1577
1578
1579
1580
1581
1582
1583
1584
1585
1586
1587
1588
1589
1590
1591
1592
1593
1594
1595
1596
1597
1598
1599
1600
1601
1602
1603
1604
1605
1606
1607
1608
1609
1610
1611
1612
1613
1614
1615
1616
1617
1618
1619
1620
1621
1622
1623
1624
1625
1626
1627
1628
1629
1630
1631
1632
1633
1634
1635
1636
1637
1638
1639
1640
1641
1642
1643
1644
1645
1646
1647
1648
1649
1650
1651
1652
1653
1654
1655
1656
1657
1658
1659
1660
1661
1662
1663
1664
1665
1666
1667
1668
1669
1670
1671
1672
1673
1674
1675
1676
1677
1678
1679
1680
1681
1682
1683
1684
1685
1686
1687
1688
1689
1690
1691
1692
1693
1694
1695
1696
1697
1698
1699
1700
1701
1702
1703
1704
1705
1706
1707
1708
1709
1710
1711
1712
1713
1714
1715
1716
1717
1718
1719
1720
1721
1722
1723
1724
1725
1726
1727
1728
1729
1730
1731
1732
1733
1734
1735
1736
1737
1738
1739
1740
1741
1742
1743
1744
1745
1746
1747
1748
1749
1750
1751
1752
1753
1754
1755
1756
1757
1758
1759
1760
1761
1762
1763
1764
1765
1766
1767
1768
1769
1770
1771
1772
1773
1774
1775
1776
1777
1778
1779
1780
1781
1782
1783
1784
1785
1786
1787
1788
1789
1790
1791
1792
1793
1794
1795
1796
1797
1798
1799
1800
1801
1802
1803
1804
1805
1806
1807
1808
1809
1810
1811
1812
1813
1814
1815
1816
1817
1818
1819
1820
1821
1822
1823
1824
1825
1826
1827
1828
1829
1830
1831
1832
1833
1834
1835
1836
1837
1838
1839
1840
1841
1842
1843
1844
1845
1846
1847
1848
1849
1850
1851
1852
1853
1854
1855
1856
1857
1858
1859
1860
1861
1862
1863
1864
1865
1866
1867
1868
1869
1870
1871
1872
1873
1874
1875
1876
1877
1878
1879
1880
1881
1882
1883
1884
1885
1886
1887
1888
1889
1890
1891
1892
1893
1894
1895
1896
1897
1898
1899
1900
1901
1902
1903
1904
1905
1906
1907
1908
1909
1910
1911
1912
1913
1914
1915
1916
1917
1918
1919
1920
1921
1922
1923
1924
1925
1926
1927
1928
1929
1930
1931
1932
1933
1934
1935
1936
1937
1938
1939
1940
1941
1942
1943
1944
1945
1946
1947
1948
1949
1950
1951
1952
1953
1954
1955
1956
1957
1958
1959
1960
1961
1962
1963
1964
1965
1966
1967
1968
1969
1970
1971
1972
1973
1974
1975
1976
1977
1978
1979
1980
1981
1982
1983
1984
1985
1986
1987
1988
1989
1990
1991
1992
1993
1994
1995
1996
1997
1998
1999
2000
2001
2002
2003
2004
2005
2006
2007
2008
2009
2010
2011
2012
2013
2014
2015
2016
2017
2018
2019
2020
2021
2022
2023
2024
2025
2026
2027
2028
2029
2030
2031
2032
2033
2034
2035
2036
2037
2038
2039
2040
2041
2042
2043
2044
2045
2046
2047
2048
2049
2050
2051
2052
2053
2054
2055
2056
2057
2058
2059
2060
2061
2062
2063
2064
2065
2066
2067
2068
2069
2070
2071
2072
2073
2074
2075
2076
2077
2078
2079
2080
2081
2082
2083
2084
2085
2086
2087
2088
2089
2090
2091
2092
2093
2094
2095
2096
2097
2098
2099
2100
2101
2102
2103
2104
2105
2106
2107
2108
2109
2110
2111
2112
2113
2114
2115
2116
2117
2118
2119
2120
2121
2122
2123
2124
2125
2126
2127
2128
2129
2130
2131
2132
2133
2134
2135
2136
2137
2138
2139
2140
2141
2142
2143
2144
2145
2146
2147
2148
2149
2150
2151
2152
2153
2154
2155
2156
2157
2158
2159
2160
2161
2162
2163
2164
2165
2166
2167
2168
2169
2170
2171
2172
2173
2174
2175
2176
2177
2178
2179
2180
2181
2182
2183
2184
2185
2186
2187
2188
2189
2190
2191
2192
2193
2194
2195
2196
2197
2198
2199
2200
2201
2202
2203
2204
2205
2206
2207
2208
2209
2210
2211
2212
2213
2214
2215
2216
2217
2218
2219
2220
2221
2222
2223
2224
2225
2226
2227
2228
2229
2230
2231
2232
2233
2234
2235
2236
2237
2238
2239
2240
2241
2242
2243
2244
2245
2246
2247
2248
2249
2250
2251
2252
2253
2254
2255
2256
2257
2258
2259
2260
2261
2262
2263
2264
2265
2266
2267
2268
2269
2270
2271
2272
2273
2274
2275
2276
2277
2278
2279
2280
2281
2282
2283
2284
2285
2286
2287
2288
2289
2290
2291
2292
2293
2294
2295
2296
2297
2298
2299
2300
2301
2302
2303
2304
2305
2306
2307
2308
2309
2310
2311
2312
2313
2314
2315
2316
2317
2318
2319
2320
2321
2322
2323
2324
2325
2326
2327
2328
2329
2330
2331
2332
2333
2334
2335
2336
2337
2338
2339
2340
2341
2342
2343
2344
2345
2346
2347
2348
2349
2350
2351
2352
2353
2354
2355
2356
2357
2358
2359
2360
2361
2362
2363
2364
2365
2366
2367
2368
2369
2370
2371
2372
2373
2374
2375
2376
2377
2378
2379
2380
2381
2382
2383
2384
2385
2386
2387
2388
2389
2390
2391
2392
2393
2394
2395
2396
2397
2398
2399
2400
2401
2402
2403
2404
2405
2406
2407
2408
2409
2410
2411
2412
2413
2414
2415
2416
2417
2418
2419
2420
2421
2422
2423
2424
2425
2426
2427
2428
2429
2430
2431
2432
2433
2434
2435
2436
2437
2438
2439
2440
2441
2442
2443
2444
2445
2446
2447
2448
2449
2450
2451
2452
2453
2454
2455
2456
2457
2458
2459
2460
2461
2462
2463
2464
2465
2466
2467
2468
2469
2470
2471
2472
2473
2474
2475
2476
2477
2478
2479
2480
2481
2482
2483
2484
2485
2486
2487
2488
2489
2490
2491
2492
2493
2494
2495
2496
2497
2498
2499
2500
2501
2502
2503
2504
2505
2506
2507
2508
2509
2510
2511
2512
2513
2514
2515
2516
2517
2518
2519
2520
2521
2522
2523
2524
2525
2526
2527
2528
2529
2530
2531
2532
2533
2534
2535
2536
2537
2538
2539
2540
2541
2542
2543
2544
2545
2546
2547
2548
2549
2550
2551
2552
2553
2554
2555
2556
2557
2558
2559
2560
2561
2562
2563
2564
2565
2566
2567
2568
2569
2570
2571
2572
2573
2574
2575
2576
2577
2578
2579
2580
2581
2582
2583
2584
2585
2586
2587
2588
2589
2590
2591
2592
2593
2594
2595
2596
2597
2598
2599
2600
2601
2602
2603
2604
2605
2606
2607
2608
2609
2610
2611
2612
2613
2614
2615
2616
2617
2618
2619
2620
2621
2622
2623
2624
2625
2626
2627
2628
2629
2630
2631
2632
2633
2634
2635
2636
2637
2638
2639
2640
2641
2642
2643
2644
2645
2646
2647
2648
2649
2650
2651
2652
2653
2654
2655
2656
2657
2658
2659
2660
2661
2662
2663
2664
2665
2666
2667
2668
2669
2670
2671
2672
2673
2674
2675
2676
2677
2678
2679
2680
2681
2682
2683
2684
2685
2686
2687
2688
2689
2690
2691
2692
2693
2694
2695
2696
2697
2698
2699
2700
2701
2702
2703
2704
2705
2706
2707
2708
2709
2710
2711
2712
2713
2714
2715
2716
2717
2718
2719
2720
2721
2722
2723
2724
2725
2726
2727
2728
2729
2730
2731
2732
2733
2734
2735
2736
2737
2738
2739
2740
2741
2742
2743
2744
2745
2746
2747
2748
2749
2750
2751
2752
2753
2754
2755
2756
2757
2758
2759
2760
2761
2762
2763
2764
2765
2766
2767
2768
2769
2770
2771
2772
2773
2774
2775
2776
2777
2778
2779
2780
2781
2782
2783
2784
2785
2786
2787
2788
2789
2790
2791
2792
2793
2794
2795
2796
2797
2798
2799
2800
2801
2802
2803
2804
2805
2806
2807
2808
2809
2810
2811
2812
2813
2814
2815
2816
2817
2818
2819
2820
2821
2822
2823
2824
2825
2826
2827
2828
2829
2830
2831
2832
2833
2834
2835
2836
2837
2838
2839
2840
2841
2842
2843
2844
2845
2846
2847
2848
2849
2850
2851
2852
2853
2854
2855
2856
2857
2858
2859
2860
2861
2862
2863
2864
2865
2866
2867
2868
2869
2870
2871
2872
2873
2874
2875
2876
2877
2878
2879
2880
2881
2882
2883
2884
2885
2886
2887
2888
2889
2890
2891
2892
2893
2894
2895
2896
2897
2898
2899
2900
2901
2902
2903
2904
2905
2906
2907
2908
2909
2910
2911
2912
2913
2914
2915
2916
2917
2918
2919
2920
2921
2922
2923
2924
2925
2926
2927
2928
2929
2930
2931
2932
2933
2934
2935
2936
2937
2938
2939
2940
2941
2942
2943
2944
2945
2946
2947
2948
2949
2950
2951
2952
2953
2954
2955
2956
2957
2958
2959
2960
2961
2962
2963
2964
2965
2966
2967
2968
2969
2970
2971
2972
2973
2974
2975
2976
2977
2978
2979
2980
2981
2982
2983
2984
2985
2986
2987
2988
2989
2990
2991
2992
2993
2994
2995
2996
2997
2998
2999
3000
3001
3002
3003
3004
3005
3006
3007
3008
3009
3010
3011
3012
3013
3014
3015
3016
3017
3018
3019
3020
3021
3022
3023
3024
3025
3026
3027
3028
3029
3030
3031
3032
3033
3034
3035
3036
3037
3038
3039
3040
3041
3042
3043
3044
3045
3046
3047
3048
3049
3050
3051
3052
3053
3054
3055
3056
3057
3058
3059
3060
3061
3062
3063
3064
3065
3066
3067
3068
3069
3070
3071
3072
3073
3074
3075
3076
3077
3078
3079
3080
3081
3082
3083
3084
3085
3086
3087
3088
3089
3090
3091
3092
3093
3094
3095
3096
3097
3098
3099
3100
3101
3102
3103
3104
3105
3106
3107
3108
3109
3110
3111
3112
3113
3114
3115
3116
3117
3118
3119
3120
3121
3122
3123
3124
3125
3126
3127
3128
3129
3130
3131
3132
3133
3134
3135
3136
3137
3138
3139
3140
3141
3142
3143
3144
3145
3146
3147
3148
3149
3150
3151
3152
3153
3154
3155
3156
3157
3158
3159
3160
3161
3162
3163
3164
3165
3166
3167
3168
3169
3170
3171
3172
3173
3174
3175
3176
3177
3178
3179
3180
3181
3182
3183
3184
3185
3186
3187
3188
3189
3190
3191
3192
3193
3194
3195
3196
3197
3198
3199
3200
3201
3202
3203
3204
3205
3206
3207
3208
3209
3210
3211
3212
3213
3214
3215
3216
3217
3218
3219
3220
3221
3222
3223
3224
3225
3226
3227
3228
3229
3230
3231
3232
3233
3234
3235
3236
3237
3238
3239
3240
3241
3242
3243
3244
3245
3246
3247
3248
3249
3250
3251
3252
3253
3254
3255
3256
3257
3258
3259
3260
3261
3262
3263
3264
3265
3266
3267
3268
3269
3270
3271
3272
3273
3274
3275
3276
3277
3278
3279
3280
3281
3282
3283
3284
3285
3286
3287
3288
3289
3290
3291
3292
3293
3294
3295
3296
3297
3298
3299
3300
3301
3302
3303
3304
3305
3306
3307
3308
3309
3310
3311
3312
3313
3314
3315
3316
3317
3318
3319
3320
3321
3322
3323
3324
3325
3326
3327
3328
3329
3330
3331
3332
3333
3334
3335
3336
3337
3338
3339
3340
3341
3342
3343
3344
3345
3346
3347
3348
3349
3350
3351
3352
3353
3354
3355
3356
3357
3358
3359
3360
3361
3362
3363
3364
3365
3366
3367
3368
3369
3370
3371
3372
3373
3374
3375
3376
3377
3378
3379
3380
3381
3382
3383
3384
3385
3386
3387
3388
3389
3390
3391
3392
3393
3394
3395
3396
3397
3398
3399
3400
3401
3402
3403
3404
3405
3406
3407
3408
3409
3410
3411
3412
3413
3414
3415
3416
3417
3418
3419
3420
3421
3422
3423
3424
3425
3426
3427
3428
3429
3430
3431
3432
3433
3434
3435
3436
3437
3438
3439
3440
3441
3442
3443
3444
3445
3446
3447
3448
3449
3450
3451
3452
3453
3454
3455
3456
3457
3458
3459
3460
3461
3462
3463
3464
3465
3466
3467
3468
3469
3470
3471
3472
3473
3474
3475
3476
3477
3478
3479
3480
3481
3482
3483
3484
3485
3486
3487
3488
3489
3490
3491
3492
3493
3494
3495
3496
3497
3498
3499
3500
3501
3502
3503
3504
3505
3506
3507
3508
3509
3510
3511
3512
3513
3514
3515
3516
3517
3518
3519
3520
3521
3522
3523
3524
3525
3526
3527
3528
3529
3530
3531
3532
3533
3534
3535
3536
3537
3538
3539
3540
3541
3542
3543
3544
3545
3546
3547
3548
3549
3550
3551
3552
3553
3554
3555
3556
3557
3558
3559
3560
3561
3562
3563
3564
3565
3566
3567
3568
3569
3570
3571
3572
3573
3574
3575
3576
3577
3578
3579
3580
3581
3582
3583
3584
3585
3586
3587
3588
3589
3590
3591
3592
3593
3594
3595
3596
3597
3598
3599
3600
3601
3602
3603
3604
3605
3606
3607
3608
3609
3610
3611
3612
3613
3614
3615
3616
3617
3618
3619
3620
3621
3622
3623
3624
3625
3626
3627
3628
3629
3630
3631
3632
3633
3634
3635
3636
3637
3638
3639
3640
3641
3642
3643
3644
3645
3646
3647
3648
3649
3650
3651
3652
3653
3654
3655
3656
3657
3658
3659
3660
3661
3662
3663
3664
3665
3666
3667
3668
3669
3670
3671
3672
3673
3674
3675
3676
3677
3678
3679
3680
3681
3682
3683
3684
3685
3686
3687
3688
3689
3690
3691
3692
3693
3694
3695
3696
3697
3698
3699
3700
3701
3702
3703
3704
3705
3706
3707
3708
3709
3710
3711
3712
3713
3714
3715
3716
3717
3718
3719
3720
3721
3722
3723
3724
3725
3726
3727
3728
3729
3730
3731
3732
3733
3734
3735
3736
3737
3738
3739
3740
3741
3742
3743
3744
3745
3746
3747
3748
3749
3750
3751
3752
3753
3754
3755
3756
3757
3758
3759
3760
3761
3762
3763
3764
3765
3766
3767
3768
3769
3770
3771
3772
3773
3774
3775
3776
3777
3778
3779
3780
3781
3782
3783
3784
3785
3786
3787
3788
3789
3790
3791
3792
3793
3794
3795
3796
3797
3798
3799
3800
3801
3802
3803
3804
3805
3806
3807
3808
3809
3810
3811
3812
3813
3814
3815
3816
3817
3818
3819
3820
3821
3822
3823
3824
3825
3826
3827
3828
3829
3830
3831
3832
3833
3834
3835
3836
3837
3838
3839
3840
3841
3842
3843
3844
3845
3846
3847
3848
3849
3850
3851
3852
3853
3854
3855
3856
3857
3858
3859
3860
3861
3862
3863
3864
3865
3866
3867
3868
3869
3870
3871
3872
3873
3874
3875
3876
3877
3878
3879
3880
3881
3882
3883
3884
3885
3886
3887
3888
3889
3890
3891
3892
3893
3894
3895
3896
3897
3898
3899
3900
3901
3902
3903
3904
3905
3906
3907
3908
3909
3910
3911
3912
3913
3914
3915
3916
3917
3918
3919
3920
3921
3922
3923
3924
3925
3926
3927
3928
3929
3930
3931
3932
3933
3934
3935
3936
3937
3938
3939
3940
3941
3942
3943
3944
3945
3946
3947
3948
3949
3950
3951
3952
3953
3954
3955
3956
3957
3958
3959
3960
3961
3962
3963
3964
3965
3966
3967
3968
3969
3970
3971
3972
3973
3974
3975
3976
3977
3978
3979
3980
3981
3982
3983
3984
3985
3986
3987
3988
3989
3990
3991
3992
3993
3994
3995
3996
3997
3998
3999
4000
4001
4002
4003
4004
4005
4006
4007
4008
4009
4010
4011
4012
4013
4014
4015
4016
4017
4018
4019
4020
4021
4022
4023
4024
4025
4026
4027
4028
4029
4030
4031
4032
4033
4034
4035
4036
4037
4038
4039
4040
4041
4042
4043
4044
4045
4046
4047
4048
4049
4050
4051
4052
4053
4054
4055
4056
4057
4058
4059
4060
4061
4062
4063
4064
4065
4066
4067
4068
4069
4070
4071
4072
4073
4074
4075
4076
4077
4078
4079
4080
4081
4082
4083
4084
4085
4086
4087
4088
4089
4090
4091
4092
4093
4094
4095
4096
76300631
87908836
53503988
79679185
66190562
57968810
54734734
99541833
15506450
72029782
5541934
24450271
36824030
45868807
4152173
36272511
70308188
93361962
81429948
95929287
66395089
51706524
75210558
62206783
38077346
71659051
5984496
52437968
70042879
81934829
92545167
15946681
4729214
85803808
68515220
46201010
81670062
75883709
18421883
78106429
97386618
69861145
90566410
18871576
31800172
25233005
3171573
32497666
67392035
29021339
36083514
31279738
19349223
42996588
88862047
19103318
59217461
18717736
98174255
72288365
36133297
14333657
65329866
25446585
1787708
46882224
65779663
37990408
21452109
20622822
83474667
62872057
78358250
672053
70958154
42646218
55546082
25892275
76486837
33327759
8669532
49783365
79703664
8539951
60778625
66047499
60860657
67964968
94195968
56803100
11454648
40491517
17105268
12363661
28828969
93858474
36579944
48518744
85777649
48491259
62118079
58349915
74475454
17005079
20795644
16085350
42827643
47952940
58525438
3656242
20135525
44894306
64127336
67144337
57209144
45629416
52174910
46283342
38778487
90825209
26712708
77078258
50073517
11934712
35402065
23578388
63469477
51221607
47105199
75255005
63827277
93315680
55427968
68642584
95839757
40264391
16190415
96196893
21044298
76964808
70210750
39931491
70718121
148375
21394405
1286026
35638579
6765306
23676338
25424576
96834478
47224347
95679338
12050747
57895903
96596572
17750294
82402685
84050991
14322895
87659622
13120479
74876097
88292416
50603240
74685729
14494740
86575492
58227745
48933411
70577049
20086487
73271021
92287833
84983531
49271299
36040399
47482162
53655254
22288212
16955595
14648981
90406478
49714987
84333954
87604799
48497057
42255822
68438794
80815109
58820677
77030567
53040974
93517410
19733610
35454440
47012234
37591272
98622622
69480799
79179281
32553569
93754642
21132
99075628
25372294
15289713
18996903
96493605
74918207
3552517
390019
7827847
62260252
9705171
69006203
50800442
38123504
74817561
92155780
67186634
72353178
26257573
63681665
22578858
93179209
83589616
51824564
55363599
32495449
90070777
57394697
9500426
92663207
36368722
9603106
61497034
60487862
275547
51426535
70862907
39577568
93376731
44398285
50757606
31070137
13985180
89420309
38152795
70450879
46087403
35372773
93677780
71759504
44514518
72628397
76875539
49482098
21067584
91432949
62442575
10522773
34821794
81212286
72661987
50411264
19878775
424011
91354748
68375546
68005220
38291065
2794759
93536920
10403514
40379573
27450242
89180178
18884862
22811377
69428616
23825427
10584624
36652992
40492022
4623679
75719315
86963897
88962074
57803283
10567941
63134473
51057904
70323691
94067171
98777012
44196658
57480035
72611629
73401347
54305721
53298963
31436166
93040416
19963329
20265338
64540641
2339166
60818113
25580985
57813207
21853703
3183132
67171918
23569033
16322186
36203124
99098004
99382767
99256390
51053066
87102422
18833322
57698083
43322917
80454851
87119265
34954439
99590814
2018278
6069935
92746669
6727666
34607272
40609682
19403264
66698690
38317216
70488312
44296813
23984650
16618422
30059110
52459828
73873491
58620433
74303998
59519118
86779430
84524808
79999179
23890216
25986103
7563824
89719540
73219721
57677018
36101271
43236442
28322628
34692935
12671531
81229418
99103584
88648826
46800166
91197963
50013513
4510239
53666924
60348039
24417168
99340138
39382825
38102101
43436627
41692512
17348118
4820203
68137183
35969153
56934506
70663292
46277712
63184765
83644325
41806547
15516593
3329065
43592063
64691973
55756159
44433391
66239454
82252011
31222879
42318442
98807351
77827370
72143311
61689812
47457702
89926993
74867750
60133941
71153274
57315873
92263707
21013521
811890
42823161
83675349
78524721
74805769
68752611
40942994
12164350
64218614
6978614
7255088
18906978
95988301
43919377
96613378
8656872
71609806
77244148
39288286
24471314
11673509
80940933
14807055
49357815
61167863
15031700
39454248
2992108
19926013
65483159
13463709
56392323
27372737
69758560
37861255
28006473
14089392
58262328
84751865
38544531
74063738
35585870
57901939
63379980
10375031
34319129
54286928
13511803
39907366
55568106
81144631
33957839
17193833
52435319
57242705
77871791
56185762
22580042
84349109
78155348
30150175
36182142
45437891
10272495
81542149
97497756
19739833
3113196
38458916
29187998
19868870
45309329
84446586
19954660
50485058
91320830
55471844
21129709
25482011
58728941
99461876
89895455
34036417
17273803
90320329
52168157
4730724
56888088
19877592
63948838
53779576
63896098
45408713
55437508
79028419
55683291
43881507
77144190
39397615
84675372
62944451
54562055
22582941
29291866
94871785
2234972
75557648
51308364
95707870
63728141
33075522
43581291
43597440
53793647
77970604
41000818
17013788
89394341
95590415
76716942
15914549
35156196
99825808
33809569
12460353
41445925
18790792
74901911
70590541
74083547
94721545
38316628
41945911
40733879
21731066
17806432
98983083
71294536
75602009
53904684
27121928
93577570
55616168
27985779
2747816
94752420
32892575
36040311
32432392
30755876
80901639
62452890
98409632
10817867
61760483
46846461
24403529
60965736
61978535
61709796
70816376
9079860
6534051
95124490
73708094
74504974
58010232
98629849
56363389
46900636
69006889
87594198
61820166
96041944
56944879
54160182
92621490
4353884
42138136
96259854
28501317
48385061
19115387
87618808
41650070
35424848
63960677
49906121
62912690
80434570
34724033
15812192
49062306
96529466
62740281
4321263
10797176
50592126
82119323
62459831
77275340
90073009
8421660
85291334
98455993
48837081
14248885
60059534
15506701
73854993
24742166
25648467
1259259
75020995
82565129
35050620
5157629
14900525
33291966
38054170
15841726
54967857
83507348
79154318
70319357
4155981
30092904
99306733
42513603
21543237
82764563
34419648
98858901
15471638
16367538
32970854
81190987
46334189
62749891
60696378
32336296
59889416
22193006
48260165
66335011
55178235
39808471
32291290
41980019
23880048
58471527
43613821
9810866
55287847
30364130
42046264
22853332
7676591
20082116
7404228
9320981
10390293
55780692
61372190
63606385
31292281
40049825
57303297
51513011
61169273
46339266
82001346
87569644
20785894
48296378
57177018
71954524
29580043
39384389
21159090
1534113
89629793
43723502
25260181
73574714
75759536
86816366
24734670
24194913
74961875
84772362
67159574
20921372
13636767
913203
53064670
33821964
7121436
52977076
12625588
31631932
56945936
1058700
55976052
41190041
11751511
92682760
50104425
53769246
78225151
84611282
94107950
50305607
46283678
52626862
36766720
19088902
96592480
97072205
45590371
73132567
59421227
91258777
20448635
3379737
87388618
81272816
61468518
57005462
81930104
44524278
80731288
92784379
15590561
94635825
44304199
9132554
97483332
8325195
94049803
46786295
30842346
18627256
46211072
85746297
56248170
30607198
35413682
27011266
67974384
34402716
20226422
76716867
44548244
89139811
51810299
18206333
61283733
21838711
68892242
9351145
59511307
87362464
53437652
65786646
67035765
10586787
52279687
33808251
35459271
32511596
70253310
58520501
86286534
62852268
91954204
16689028
55739016
16993772
36427493
74363343
43769399
16330738
58722053
6237599
41566947
96503338
3421279
96635612
51492931
26247781
97652961
89647642
20745606
33064115
59515077
8951543
46416258
27655486
65055040
85976938
44322730
38467009
9907491
31014018
88107131
54742245
81514747
92629022
92087996
48576180
34275224
66358866
48035436
86204299
31631696
44790058
243603
53259206
17682443
81527274
10687269
20987484
56350733
37051511
96509095
24785857
12188323
64383823
21482740
48338691
1437912
11098194
37659356
24321803
53079204
61250707
91461996
74758808
12444194
67054563
65137124
76982478
98666645
10260436
82328209
78157210
86846542
44739339
58923142
41390789
39344319
34551887
36189425
22113193
46016405
69555524
77204364
62310585
43802352
57544325
80894758
28841663
66359543
22195441
89089605
99191592
36338683
8619962
26307287
8786446
9938587
87943570
63615011
45232862
64529667
41349256
22485083
57014417
80675486
14914721
7276635
72499498
60596116
95174608
49152746
55788264
39920527
55797510
75737869
68194649
16685068
40926562
82917791
2646312
51135732
2926888
36441179
13052036
7451118
78798678
20799214
81017336
66425601
18975037
37340892
24038449
52860408
87405774
52426183
32651149
85066252
51213351
94820329
38260485
51551727
96185212
87416962
84973528
85606247
8350228
41703570
56070666
28388026
19069121
41686788
84654507
71966749
74836822
17786347
31206092
86269722
31511034
55579094
76476312
56718231
17464588
36650804
78092123
31886336
75584871
48630368
89507614
6998830
72593948
69671220
4278865
62317982
10739637
82117219
61363287
5174184
83156854
72787636
4980484
4448073
64957450
33998899
78740414
88458246
94497674
58577592
80692914
76354859
19036425
90498230
52944118
16989586
95423632
53436770
42186554
55332922
14505572
43640630
80408315
93305598
28997246
52694745
27205272
21190894
40570439
38640027
18653996
59945094
75836662
48700303
80184393
71273981
35935876
67716976
43949400
48278090
96222243
47655499
76941181
57664564
11331541
80756079
78039072
120312
57313211
19323167
44812718
62944599
72145232
92390431
5146363
38158426
32637179
11651465
90445200
83201744
38154792
1075027
88266387
44805509
86031174
64423194
45360133
31121137
4939670
79808117
60162694
27314415
25268274
42285439
87109360
92267926
81439961
48104908
87163725
67654287
70112532
59509051
55327654
64564588
63065140
40088610
5340274
94805511
87757589
24042046
2802831
97826412
1479648
83784563
25622480
73880650
75988784
19086144
83151274
31298742
23809617
47089043
25383978
60503905
21929372
50721087
72060688
40549200
8867869
80799593
39947254
59447253
97532133
49188783
20099429
51550174
27962183
1346269
40163056
28107827
54110764
89341988
37446200
67258455
17784539
89229750
60251992
48998889
48471886
48299204
3941158
67182091
29610371
68834535
21105289
57258923
58622374
33545266
38457338
17149154
23409762
46048623
84081051
33280859
80130764
35323885
68758347
11959849
11793649
19015871
71285897
62188098
6625512
40827097
41940277
57889200
79928191
39683242
69491820
81258783
87449439
47938381
92262583
64022793
54920242
17356480
95527557
36163079
76151250
86791360
78392462
89099429
52839393
13596329
71183188
23665731
76878110
10268672
16424971
36480188
37510818
44021830
40922663
66670178
3919145
90603307
70232610
26110341
76489206
6234532
34700520
57278751
18999991
84403930
37295192
22751134
99477177
58178546
49023200
94239450
46785353
50017133
17324725
9675204
56833739
78454945
65391881
85200164
24945846
56382828
39169906
79279051
92590173
38173060
60028405
13132471
5789688
55303380
3618852
21888204
81496835
34312221
35576494
36942881
38732071
27579568
45441226
90320285
69814980
70035518
24087569
65468259
79977502
22609435
32009299
75790712
92968051
19270744
9187703
17874
16053102
42911571
78834605
26732411
29108739
81188160
98032828
67180812
37547083
55716079
8230153
69213381
21540598
18026527
24599834
9680511
83022428
49865125
63027545
40413187
62053899
48799073
33436177
23756257
95063240
12253554
92936351
57996181
4390248
7421876
8734560
81377590
20131706
82438406
14287394
61818391
42900394
94396584
9914188
52894533
94333156
76245088
82924052
33441839
44586650
90324547
78978024
46525592
39828287
45990080
41415440
3792444
28060827
69095445
92038379
13991038
97494749
86017403
47482474
49108672
12410413
40463347
65151886
87855033
12264135
42455811
50356646
24544325
15005412
72778039
28664156
79211721
97598316
85472749
73640465
95710772
69176597
14686917
11905045
66953763
15869982
31628100
78711298
34062679
84091694
83844619
43557243
78085867
55374317
33101944
4862712
33553212
20420147
86946737
15146170
5765684
13716703
69402975
34617217
55377624
23587477
25193989
19294570
2054567
50363482
20489623
67824642
99650873
45404254
39710341
15889445
41764
36648326
5894336
15526585
61492932
73926904
75177741
19207831
60329288
14158481
21219197
9682445
81211764
67382213
18914687
84173563
77529775
80955317
75657250
71641308
97365451
86463432
58844573
21066552
8395561
21440150
4838252
83020508
22415695
28438837
93553064
17113338
5203983
86862741
84728637
57320185
40817743
98871594
40449301
89584559
55633384
34219694
91010062
46913587
1746441
99853558
92114439
50031447
4395733
98392508
85176925
79809909
21937774
89051541
34029059
3211521
37584543
89970997
86183978
29398589
62472563
36541212
43644110
35646288
21614532
82024469
30130371
4951237
37788444
89612286
10063365
21514572
36605409
26290245
57024796
57073430
14934328
35204389
13497558
54231914
85440212
75156487
88162493
26235618
19603580
41043508
5945662
3510406
80360334
44289865
12627978
98451625
93243266
16799331
3544229
21478159
76083253
55242585
23982364
38998699
26535936
74903393
93811047
15048679
81804789
30438909
66627519
7523515
67291672
87372278
82779115
13618363
53555215
17071719
53971410
43178333
17786123
43551627
78254919
70603961
8443399
10100110
29066116
86947003
69322482
8786058
63597099
88553084
71383951
96687120
97972560
35166850
42263066
51335838
68405195
96224239
13631745
81482562
84034241
50697197
90088941
44168276
43263714
52941302
41856168
52569362
20924238
65437776
17303681
29731783
83532822
95351731
31067394
68684070
97296402
60788909
22088328
18449273
16900584
20440709
3471995
46132697
27405629
98586269
61914954
24568918
19142616
14827805
78667337
59147332
5571313
43968062
53158280
17216502
59002323
57044839
63345552
42494977
68067934
48082892
5426626
11807370
30411201
32424063
70274997
49601715
22882510
61854899
89292709
26250304
73984917
58442624
72514662
17539846
22913925
73727741
28840505
51336035
96926989
54496188
94652729
21781020
10807548
51066600
82899855
23973600
22637097
65365666
87757152
84645856
76431427
82201100
580530
79832098
29131506
22793396
29097070
15884038
15461717
61046899
34175330
2800622
70566119
21307369
56627025
15907964
62248272
50823193
80427123
16803867
38974783
63421215
99194432
80856117
62558629
2372392
18603258
5098557
79062350
94444251
18375108
48008563
24851026
34519469
38813824
60744002
42822849
88284799
50057436
43738801
98840404
44797882
96717203
32509350
726982
8197913
52353170
19447847
89434487
50699239
51178498
16931973
98059115
14832480
95141763
78203276
96634684
94677104
55578455
41065520
40747866
97241186
64452075
23605113
45392636
48797614
67631452
48243726
16331450
48451094
96700179
61047710
22102321
81482597
42215593
212220
85712984
2492942
66059372
6763097
3500880
39102014
33662082
74620291
43148568
26388536
60047782
82409588
68141994
78215830
87107434
8994514
53609483
25208911
16053395
68365943
85534183
49959758
18603249
2076306
31807854
88865237
62132035
81353397
38375016
24895678
66957136
35123204
88453310
59792011
22475787
34130185
59770662
88874397
38499268
12555723
9351679
42144538
44747501
89747874
68498171
45195513
22281611
71125397
38193114
53502347
56553577
51563024
36438048
49337298
23217951
97521672
37995674
15969070
1591069
82560954
38775798
86500079
46741901
46474253
78820128
91085189
22202331
19840386
43560566
24550219
73746271
14522501
92775089
979604
58689754
30988444
64073715
78420186
54574535
10101472
39957012
48789333
70697361
83975996
55545377
75991621
60677986
34565873
26522380
5471842
7421862
32153440
91018205
1905149
31952562
85994034
93319640
60395716
64944737
96879123
67785385
1327525
67451985
90675542
4277831
36026795
85333823
13199969
50498240
14503778
685211
19605401
79015437
94511535
57415234
60005002
98670124
43330316
78016388
92847632
56375388
54681854
80030805
53956497
83524294
99806819
7295418
13379679
13791
41269228
25435352
54099252
52824168
45138233
29238321
33016675
29114784
97795790
11929619
24492988
65595035
17390853
65059935
93520748
17846658
51876633
5319841
81529830
21474963
91801935
25973531
60686106
96923445
52742283
2723094
95225168
80539093
11700160
21776748
96476604
21699457
39694126
9111237
99653030
85706501
23243185
6003854
17394869
1912376
60421365
80062090
17979227
93596340
20653780
6651493
19392558
19909085
21846476
38061041
69939451
52090205
63391461
81757155
14042278
23383821
31951891
97196572
5911184
79010645
91021338
62996321
16585899
67250481
33144979
91444121
44710686
47600224
93470912
82366703
13686326
48037043
31545895
504644
78703709
18796360
61863185
84433173
14313177
45947111
75853730
33031716
63783892
36427988
10648242
14979110
33126657
61714678
13745369
57740668
76705097
91646884
56731107
29467331
1479477
80404586
96148269
28143424
49145823
21643400
68831177
92707474
75803797
93433923
71103409
65962361
39644724
62883447
9796775
48129679
82952739
11883211
18876728
62804291
25613124
9502902
45575257
2996392
80135658
82882710
17474912
62383528
93405538
64258274
48688988
9584441
59332208
74003579
17100039
75126968
80789879
36008367
1513887
52456919
97723698
31204434
14099887
42886662
37729454
31031504
20319906
76604133
8338662
27636323
53350438
33846985
46768491
31268363
49924626
19369845
62403690
44868369
62217944
35757208
62024356
87770889
63946119
26467267
34140214
49075067
53050252
60374058
62417302
45814562
38554775
28577509
16944930
60225739
91984309
71605454
63558073
7545084
20413546
48972115
13252317
67729497
90985653
13326510
20902410
56507389
16719964
91856933
67015056
23966394
40984991
4631610
15972755
89678316
71370563
24665648
43751964
75071865
36665308
15743770
93543408
30685984
96853507
40399849
63919368
72131771
41053197
62761513
58505075
51199755
48507878
94014282
19095586
7763913
53383244
3548009
63459505
92776662
9362106
2031123
69717743
40019333
79750108
13197039
12129715
81847975
2962405
80913433
59575861
30438872
32001352
18261282
91124627
79305213
15338772
93382295
70684616
82901954
99040792
48009730
79798937
31022881
93627132
71169663
60997508
55738233
47400467
80352417
69566483
5813379
1429627
65541272
42701755
18188089
36376760
89511566
4775199
59943432
59261515
31109918
88701842
79434026
28771261
67493478
3904683
52961821
9658389
64074135
83727272
52716557
4465624
34461764
16272669
82181221
42331885
9091180
67631844
29700601
69831349
97170165
14662394
79592127
5209675
1978309
37300290
37983627
25204136
46045473
76454396
52541623
69142006
75647030
54313701
24484601
84031807
41237269
5473975
65559703
23948903
63961549
20873811
14110511
79233156
8825289
31148441
76081566
88318541
27168809
5254830
75827260
80039043
24869909
10706462
97746612
42993015
22300123
95778449
74549312
7633324
77731054
21382940
59287873
78024698
28542584
97855449
61581007
65859986
75334403
49982966
60421425
71686160
75716808
31344434
27604067
846335
28914192
48295881
88335835
90507883
39430183
63568621
74457476
27121980
20148923
3978885
33403584
79148882
21807930
40585481
20884910
28189081
85766952
51206925
90935965
23034880
65136815
23040153
65937793
69162076
46784718
87154791
61848413
87727754
73592392
66593511
11809081
94935194
65101269
55506201
84626754
77275176
5991440
1311891
81754219
29145672
70576999
64106021
30886909
81416244
94517908
58000378
72603349
26087857
50636181
29645286
98818383
43140444
93221695
24648565
70972056
77262036
21121779
65548737
55673791
71089258
33171435
45142671
40259180
87628337
89004661
6823446
89845681
40802921
80381887
91901845
15813768
66348951
38957692
16870293
61894292
92902806
77334360
50906361
65868809
97310893
27150655
90254429
34054354
52056118
26955073
25118796
89744812
11773113
12378904
81687816
13390158
31626157
1719086
2564932
37053499
28201198
77421746
31119980
24924481
90711781
73449997
50470994
16354124
58092065
10663931
94079753
26197140
28889780
19712891
36644695
3373611
16052866
88264279
45263839
27846485
22077204
18631386
59893080
41987893
36931287
87138956
5325377
34056545
85276316
95930026
2174415
97959565
95755264
39479539
20092311
91865113
6603818
1302259
45363942
42997096
24326195
27123421
75918581
29461289
38625450
28767209
93299068
41341877
63816908
55185128
20402951
98610419
47702791
36548130
57187755
83001785
77516984
10312209
51679112
21297710
34390516
57956203
3987581
70638750
94314876
7459006
11576175
79617078
85273553
78662092
20746830
85224480
79298290
94952655
17882899
12414351
1280609
53524133
29679052
55079157
77062024
14162685
66517654
77255231
70302779
69416296
74638135
4250552
21489226
3351220
19292890
75452318
66923288
4227186
2236566
81994177
26975481
55718340
74315574
99643908
32308773
66615314
83469217
40753869
21199223
32296684
35962523
54506683
67031833
54032133
99259970
95219238
75879790
48069387
46808550
20193164
54515286
4570920
42167005
69541089
76167315
52728280
8440333
25792633
75150424
13592587
74441641
33864735
5405751
57534195
423639
62742964
66398609
83859754
82611165
28257857
93977618
15374818
32500742
27035463
2793186
4780942
49179980
35533114
77062648
99623527
65672742
75460720
41921732
23009501
26998141
57317847
29273727
91824312
9011142
6164261
15522354
80803245
5608982
58851552
97134110
83994440
92267226
20860127
56476411
50431058
15889257
51360800
22984016
35709418
14280999
92372371
78611885
26251793
88484758
55124735
90688526
97431795
89183470
46380196
26029854
65866898
95247197
48064331
26054176
28739536
12646964
42119956
49613259
38633804
36962790
52616488
25655895
58485923
50715848
53687200
41999194
66916389
67032925
59170647
97049021
24810018
46931879
57974262
5716521
57269870
11235695
22481550
40840379
73803918
31961601
34964272
65636057
25458811
22630348
80442869
36393523
98033349
85100466
11548917
74826266
66946013
87751913
23819689
71159859
91032369
61407420
58174714
27212077
18073310
5311333
71498397
36402472
72150209
3579974
55771105
64374444
26555869
97659346
99556265
63329007
78593536
94158845
64571853
55806703
71993081
748058
56120870
73232591
15145940
79985612
71753483
81021087
64487460
42281917
84259446
68877785
49188546
42633553
45017739
58102448
90083620
33591651
58595141
70992701
24196955
44746996
87075049
6785539
49056438
9471796
12348384
1370351
47814827
98274878
52202359
82132483
39523896
19724791
92275183
87797748
31406707
76087004
85683736
95958376
83663950
11648509
65461895
89302331
1719475
5825319
56562170
16993334
18970058
69939939
62104261
59859279
30279016
15432262
87591032
14300569
62884647
89577961
24422594
87510617
31325470
59234723
35400479
2445423
89751312
22006124
67767531
35465839
99332652
66175452
40123334
15659555
35809913
28196386
3945028
20568348
63463895
37332231
41517981
74253155
1792268
26200094
2286048
96547182
80157359
37677896
85493145
7054124
58790573
38332818
20713450
53255372
73234547
33494376
18822686
86146460
99189171
32776019
46668985
81822373
92460970
92241641
24127165
89772657
26797547
62686979
69286173
11565380
96720355
2677518
39342007
53167804
86257609
90713869
8877933
24608203
79456692
59842455
29908181
94144396
76092088
34536470
87933452
98345215
21034039
34259490
43346162
33744833
91732826
78876986
55958503
19269557
95921066
14857504
3516714
71771462
16956716
57659010
28757298
87585430
23568219
18619662
46059904
15709922
87353968
87867168
18678254
94440815
96766828
43256590
36837294
93260425
15093297
90652294
37223200
20124945
5777827
95956550
32950879
85981514
1851853
32857255
79604752
33552706
91461362
4984240
14743201
64895350
43335521
30593296
70960635
93220271
16748694
13198841
84495019
45327672
16337973
77815911
37780466
86190019
83091332
37621198
17152331
55599101
11636028
40998861
49943536
37518219
86060832
14626140
78031148
74733558
47789303
34083504
65882273
16197495
62155811
69920257
42096054
54831192
128041
49266893
47464422
81269979
36507945
62016928
46420604
23044163
54793701
31423055
95825796
52345649
52043056
96419235
90127497
89589704
14216825
56704889
7181625
87861390
30466898
21504578
89429770
9557669
6668054
24104415
64852865
28402294
40657475
96544797
8800238
96932773
21442082
95511248
43215251
8590755
96080686
44275479
16710185
14431747
26505475
7536304
91202102
31701664
79204276
41862521
1162060
26634540
29423416
32698358
75511974
79346873
71823186
77906631
85834164
95317816
57431998
58087583
3253032
79538708
62427803
40465343
20033291
65994505
49737314
86185985
76752672
31010471
29005155
38589756
64974145
51413597
12613498
3390288
80025320
61162496
56675829
90679771
35768022
63114910
39378427
62843131
89217735
65909501
70273086
58774330
8200895
69934337
9880491
93024487
43492105
58715858
21695535
42663492
85785050
91280570
53006091
75844976
4547293
50390960
22603547
87409293
69975037
93885076
80227255
86543295
49902596
31948156
31246770
57184789
88576985
92693833
25064961
56257066
46551408
17272190
45127131
42576166
41958945
66795767
127892
83551249
87854499
25716211
51270070
37582902
66729035
80667801
16874258
87296915
23264334
2386293
45061853
22743907
81027404
45654625
21796853
76547945
27810911
29850590
82392297
20985543
14802412
62145389
50286416
15893372
21081344
3864778
99949308
11846904
80383730
63040789
24929279
72039749
25900807
60596921
55473425
79091915
96865498
24536406
98303978
2774059
17608850
53674367
88944997
72995082
39766114
97287053
29932432
94699697
11413996
41394317
15376027
16063055
34621217
15841339
637094
70760443
26930350
34188139
96155401
12632908
91779394
72167098
72975918
40575188
44591978
91850036
85054575
85313460
13427879
88923859
97417097
27296974
70241333
96597625
74767409
97815746
67124287
73977543
70094319
31436356
81299646
6769419
98115959
93661573
33244325
11896058
89388314
14239966
87551769
49430360
95866055
18724731
36359617
75109185
74690500
71744764
98793668
65141962
77984422
89081645
48604958
452488
97593019
2353849
58053224
45082223
24734028
62152283
17549919
86465009
96997792
42391352
17558472
38758574
10891979
64582629
68437444
82305085
83854782
34337162
67332959
33822200
5130726
87690947
42403611
67300252
84290327
18277797
25802958
27673465
97131076
44332427
76905622
41798473
37223061
18595696
56657717
23036443
9727106
25314396
47030290
50931933
46584736
21018511
33128530
57451666
69781241
14386603
12278287
56845087
28063284
21754819
31042485
90735327
63656052
14778446
86786345
85315051
76288219
28826094
42777649
32284000
17638193
71417557
10433828
73563438
73168560
75609520
11707849
69612449
40577142
58333026
78376151
28522145
34462466
76223031
50451546
5688822
9269853
5208234
27946576
75004033
63367624
9133256
40192100
33251238
55412235
30984014
26649450
69013308
34964229
15360056
86776777
57144784
86941244
95240448
85311875
13139485
22625100
36527682
2455532
26642445
4565763
37428161
54297176
78066960
16982189
26335911
47120097
71653019
37083982
83295549
14322194
60195793
29819062
50283501
26632760
41814917
70697804
9927200
19718584
67383482
17037619
5978521
30472045
61692767
4929889
30204645
79980731
93395489
94454157
56418642
28071633
50248294
37245109
93708529
2163301
58232935
91476118
55219385
55360015
91607198
38816719
21666492
44594477
50732871
18589823
14172263
28368908
74554439
81876683
27693485
75893717
86483338
31975016
8572281
16185423
44591340
93695738
67919925
18093045
71056499
64482024
9297885
12923681
42323391
89549847
3105966
98570461
33159577
62141970
3624366
38540901
71474596
62118243
57436759
75091907
63342243
67944609
61115546
26544597
83656947
7169491
71982879
70351635
87518397
19430104
89213580
61234899
96818734
49097785
26968490
3580353
22322560
84528768
12861716
49453446
65666380
51554947
76804969
77248253
41922133
57742609
20394889
76180052
79253142
20909007
1733796
36300044
5458187
47929580
21263971
31458841
266218
46123848
15887462
12813008
44407931
78656376
99925061
4877017
49424392
29258728
10586016
73272756
48330271
34529206
84141365
11218613
91334924
93805146
80620422
59618165
80940241
47807440
94289542
39931327
12720825
48652646
85201794
18752947
7092272
61896430
9680566
56204607
29503611
87361957
55456437
7354983
18862014
38831591
79373421
51818513
8925429
66691503
96769570
84531819
55982694
54180403
36053391
39795288
55879404
7333815
44053102
35333612
22101954
88435152
51436540
74028213
46268548
23493182
1127434
46362875
17853143
37404049
9189339
62264323
87604517
27116436
94172540
31795306
99597198
65755300
40393938
88162757
64632306
6555772
39269646
39570784
13093733
36256599
58381340
56018352
32726867
56892452
99680099
1166755
63215180
20395095
30277038
59946344
27200654
85801304
93196696
7434899
82027036
39948129
16913456
74033876
30277996
84392317
16461655
12210155
18677607
66717236
64898827
29655047
92101764
9893899
19824833
56106247
88666616
58518785
9398429
15021592
7291639
51287891
90558991
36639308
69596020
53721186
28496641
49178116
89921677
54775765
68566305
88331788
97739744
84799564
67502562
45281418
18417948
69947734
54675502
2160281
31248167
97059761
25622420
44932024
92102789
65711482
75982603
85826574
55500098
47548054
92207843
84858416
13789496
65829205
25071259
90084587
34300190
36655438
43396875
34180808
83961008
48722881
32630200
96066201
36989702
34672473
16662162
87943977
5248299
83021984
97925028
64988335
35825204
89398836
28848109
67733466
79294139
22469235
29586922
45970749
53306954
82264698
20042876
97713341
49042687
85887038
79696694
65565981
61258895
65204910
26716184
5903432
68937735
15696134
4192316
58169987
27101689
59960066
68140812
88549654
29774074
84003835
62624391
85086350
53543973
74965714
6442273
64773216
81908128
25361437
4175220
44869941
72383835
91930631
60390018
91185812
79837335
54682535
84671283
37120217
97523937
75609563
84440979
96602339
28731444
86052100
93681420
51325135
21474551
69152720
97355895
43794916
83303211
77053463
31917875
35482914
19425727
77708355
79892552
16988550
15023157
21339737
31672069
88196742
41522146
53422421
66741242
23781272
65520038
25177878
50136928
42878277
43964782
466589
86970593
4847087
49720386
4120657
11223977
99995311
53299621
42634349
73591523
71983529
30312134
78962458
46553456
58258534
45375424
64966340
79226038
17076499
71621772
98184254
65291321
88375083
22592621
8149346
72086847
42961548
75925903
86325476
83474294
31081637
58019510
34040655
71373950
95138230
42591246
11922722
67859558
27044140
47260367
72570471
37718668
52805850
82550420
24908483
19951323
34310886
78561950
59573111
62127766
59880300
95496478
71623240
82770207
29410740
43766814
21185367
60869727
85285342
85640952
2105628
3250127
8202562
13502984
69088048
14853382
20887406
66237294
59375640
2417388
43387084
21805131
15386868
98872367
21042203
3335073
38848041
43555851
67648862
51631508
64355159
52287382
51128942
64336957
42305459
1236983
24278915
73644349
45149310
4836211
45189700
35038919
28413801
92624832
97408015
88508546
48576246
96703953
79546485
37036812
65391523
53435244
5104246
83643055
99038280
32007348
9011908
27605764
83399294
36643687
18575973
46822718
98726864
43588756
65956483
3781357
38942831
63279864
36802480
23670820
66100543
53679942
55141554
8426624
51782771
23101901
96325925
32429176
8633426
72407414
59281319
47780040
60748695
89114663
42033764
53073815
89649366
78310493
34195694
60394921
62852640
4452289
15674720
99122380
40654632
62561796
36538473
84404013
31318272
67964114
87388355
3090572
68629423
15683150
95602212
84082252
13783485
47977061
41491273
14692505
98956868
24525911
76913216
80908137
36368643
33381949
41475211
9999268
1883479
30365969
36408069
42344142
36358994
89503481
26197208
92522347
36944178
98951499
87358180
93174376
62839106
55021058
13842810
18519396
52424846
35204653
36826470
97233342
86098937
8786782
10711615
64677060
15229433
85204474
46564567
83837886
13146301
95349523
40291827
35925428
73805534
83211088
73044154
5504188
47253357
89978714
65733478
72926299
75394919
22355439
16855745
25372277
9466980
16472736
54792203
30682723
80905013
92330334
76786033
95098950
94705330
21367025
67919664
60985189
42729577
65812267
74732613
87384008
89680561
40826647
86620748
30808189
4207432
53874685
13783449
85156145
66982344
40990400
6809548
5046219
56032644
27816695
89882326
14627652
61257957
99186474
13795580
19563093
41458499
1786509
5682874
25648993
10111504
42304951
71455758
42472391
2483461
33485434
75325994
84250467
27310301
65201492
12587168
10754367
5261357
73673013
9091149
54935626
43114464
37040326
27229477
68440728
24660809
95499205
97574158
24275132
70710514
39422361
69920397
18088626
61717314
9776427
72279609
68875298
91531421
9598458
98275590
84714126
59617437
1790243
52911753
40331290
83413526
66866241
70256997
19535352
14714119
31863362
73081782
25560828
67776660
42360493
37843004
78186331
41175037
77432362
26006426
40347527
72661325
20200190
594477
50314290
91083432
30270980
57599313
32283243
11986968
52401263
87911550
66598547
38253843
77080411
64880828
91632317
25918506
87478310
32159899
2034861
76504016
84293138
66193760
25882234
52353242
41193771
24435196
40108116
17993924
93509126
6398273
24812369
24199122
15245665
39646685
7693130
63566100
93048471
36929867
7488158
93487292
65960324
13995603
16418833
3064138
63338731
98069742
53933577
40488084
53377807
66949292
11449792
30325323
55455286
48524455
20396078
73126249
48885857
58748045
67606579
35605559
4193088
93395771
20074270
15285145
26105304
50962634
88560455
96501715
82922496
96515126
43003175
32764740
78064788
15085006
59162051
83208161
23862033
49027858
19169487
23556237
20027303
50277739
45893169
31406383
96637975
52183983
86963896
10735422
97771541
37966906
19744252
29239548
2160319
98279815
72543496
92256744
49332178
34487494
42937065
48621760
60555387
31713647
58584649
83743320
62912293
49404799
49337503
13729728
35417207
68160307
7640564
98501479
78575006
47623365
10458389
49695047
48657380
6999027
86423776
13830728
33655318
69811509
53808651
10574562
26671819
40333608
84581856
90592696
46473340
23965032
20288344
47015085
80252279
29970182
43517942
34073142
70815694
89783420
735587
40017127
85172106
2945855
31860136
57393452
93946214
84518278
10212454
68407807
67481958
63761766
78680534
78794988
36745410
27061023
81539593
73413789
31651524
69628333
17168021
99255290
2036610
73821716
10063120
34988487
75118569
8907124
27760015
29841444
41709506
54232526
89957456
70298051
22746799
2809662
84949006
730966
11312904
31557060
43719656
4772179
3621628
36756110
16052631
34003447
35488597
66328749
27172990
98085735
54428420
89525639
69661737
76975828
15654205
16947774
7144986
94308308
51920486
57208009
58074744
15485089
88316514
32304382
91211694
25640549
67419094
43011794
10686843
41555801
62107919
8149626
2396123
21860860
22854051
72251249
3699080
64451122
69113983
2575055
49373677
54390591
79737622
68455924
13265890
66885242
8014914
92295362
13260263
5783324
20059243
95333892
9904053
19958917
85475431
7215182
94723938
4544573
3585174
72407176
43905688
2416801
81980002
82407844
29005233
90545678
7080686
22111755
44606797
68096336
64857469
70638825
51549067
83020499
59683012
70654688
64856208
18547409
22873641
82011464
39653705
87071934
4446237
38707886
92984882
4039503
6738047
97231623
46281616
82366157
40135618
48857184
72074236
68678512
60141894
34975531
11526611
376783
17003695
48670712
69143365
99573660
23248213
54921219
10212300
87475641
93528212
70721828
43259949
45968068
79286477
63024138
359731
92053524
77109268
44716272
7073003
40415951
60891435
95225223
20859707
43686225
79580163
22005729
69181688
36254342
62257603
41895184
92006209
82305238
66947545
16393921
53378589
53748553
59950785
44533753
93414114
23922921
83842483
65134244
76343055
43373690
45256188
85716250
35869336
18616133
6102856
78738732
89135246
90511447
80614493
82031392
60921349
17707285
69466659
11333688
16221481
52084446
68087499
51193615
67019234
95823660
86821977
73210241
89872051
21247981
26810131
34174201
27301250
46971574
49637916
17879422
40152768
64521875
42247922
20848965
22898938
5543340
97377491
20427813
62046714
76226125
98294798
46536789
59374664
24970315
78199059
14316007
11831859
35457566
74692135
51021598
75246772
84808650
11300833
28002915
99482156
60166961
22731689
75666382
82129760
33548662
50802790
63216901
88008814
30564556
34411103
40642035
51999026
74997113
1261366
97409887
61403508
2318722
96073167
50387499
32015732
14313459
34661150
16235107
18964887
69491048
17076228
66359019
62582105
61349583
96563092
62388819
50552824
26539943
1743124
6613682
54526449
42750092
42241621
87916203
70168300
982092
22596437
28625827
28524679
63651687
80630415
12599417
55085534
70731726
20332073
14556190
53552216
98007434
88143683
28114141
87703317
98525319
96825188
38713347
83059289
77254545
68606630
36377066
83945783
83890624
89228080
98903830
86412992
77761302
96856236
71093511
28783669
67847938
37506038
87713020
81630580
81191119
2097332
71595540
15344137
19176074
54211948
37966658
25177317
12087695
29824153
82788602
65832901
5518068
94355642
57523690
63651334
44172605
13291874
7575089
83190593
67306829
95789019
8999798
93783954
39458551
7792397
54446483
49815874
95465631
93977859
12290781
21120425
46188243
74666366
6402017
47809325
5943488
19702754
93299072
9048514
14502970
25884168
33537430
61412735
20744433
49651265
37298222
23682075
64721569
93004826
64725824
25643217
51540913
58529783
49199959
22015665
52367505
36632830
40382536
68295510
