4985626152479480046758355897348251292896457216470566382937543528905260439897064875662684904875852560060389316768892325784840375076681182212905498055816449315656241338710678678431334400000000000000000000000000000000000000000000
312291647082496502361711113510621624351995330910829369397568004612797647127757159138401826307869534144340084098942034129655968241143498594619508519637555386072937894047358301944494654534123988192023980075459063763803571297344890861451967117568626047469917179818181691283673691541947885830344135938147542918567372700107413001147421441422948764274050260279691197341179784487704962880502082227104525294469814449255696249642952273245469702956476957433266176000000000000000000000000000000000000000000000000000000000000000000000000000000000000000000000000000
4602465442037414544405874302338452969678412122436934469264356841583358581292598919471595503320150062615666377875955020128132827360733480264783869904941757024720366564625369740519235176557887563012836892700661469489915170781412599684942651486819719842805961559007533086951881866549659591461240440130601767109182083222068698305422950400000000000000000000000000000000000000000000000000000000000000000000000000000
29568
2480338722160640796373697734332532361726308326275544829358241974373580800000000000000
536711122559403088675511665392769754289481776047956837461603695982350376363056412816762738774656317580401370609204043715208872465927066154579742604818482586479873629597728184642486445940368835124861399829932164150341420226576055566524223268477533312975172165416881416439579024110261485379474310919694000919732645504364747161174583513281978181894077310012239377597723811371674586236087562406076774022532177590685145212482457232613284053473220048152614828700282626078832700525762444726200476212600871098932789248000000000000000000000000000000000000000000000000000000000000000000000000000000000000000000000000
247541691147093968526329809847516683978041989922347686597645896826284886027386142798347207190577359712739132473697703022528929173186923811991181739427177344157847207194919382866285198413269367956399527290945260783893995065307425423194567452765086482802174467585863066772620021198109360504616296535394083588841385112234089879961600000000000000000000000000000000000000000000000000000000000000000
13026928344611447813778876043999830043365380377097161047280259879504985114477203376922868739957228840614363491512299708510896128000000000000000000000000000000000
28406157329455376054888428164765019547561081348759247594830754742187146463572346563476784311052803921390251180942222404633891891316375665973332556140717071943821516096553381603049472000000000000000000000000000000
270478762422580435640991225746448730174156342840548957440530973798063150309062619096231036945030690157926634811783974351930347244948313661440546065363133251170893432532705042913738460125316688777968195942420695404854445888612136603614772556863681714001617284331613018437785999776172609609988792111708168747692125628661256476557238910442057148911776316530713227641666468535137318647478980858165446699679269331936743270645760000000000000000000000000000000000000000000000000000000000000000000000000000000000000000000000000000000000000
27133328086349877444121121126064667875261884850380729052306867310112867268056682989813474848482720920254106197470425791110428645116755070572887048099153074411851265842025321714371190490364212688934890550832812097738429991915498980495000898786516400780262126574170418355422237346226362281011068480083140145214707770745285714066261588049920000000000000000000000000000000000000000000000000000000000000000000000000000000000000000
20651409213815645350952563147100111785486680629495898598726267652695779867443807232542749886369771654623197810015569171816471207155270203152267105710010522518108024154550756962434782506976274416320456167316143180711122092001807489321644642629687224804183632768090872842707041550383245922831024021614309202716870681200378678990112694570380201732899648484807118592474824469181587681162052998163798381246748375714523469544214901210332927642505267193715663742073936404613794955530449940312110212855786916697283315630080000000000000000000000000000000000000000000000000000000000000000000000000000000000000000000000000
233677991245929376501782303842472942498898819009153130771347248094425524692027599280868430864734679108857783872059860208657217590447579754468865841418736764814677411463484280773631418076424596921310053734246789133386804076099583084184364727838905550080668990191333710636501073900447498567351967895963018266879133577396151643342527747449345891504861969680928263222884017761897602971974639857235261501129712637083415586933630939902104016392665706447880465519279146089920756306059134756987056931681075200000000000000000000000000000000000000000000000000000000000000000000000000000000000000000000000000000000000000000000
7104482486652707810596333195920469470766733678393643144207453699451676336204445535917993581875866679935183621585708997465043514667283564362669906752690778529701897033254528273033777206483016793810471255450528247023230401525321077375209039127772278880985380730251619254813979141565085715907436212260930475779780771840000000000000000000000000000000000000000000000000000000000000000000000000000000
381936978482449571897658872612684438748419602550442255432592710882522119834350992010951334961646592713315471496447715703720739348513164420137134187024656253756773984507763439958295862620526982835250934693020398559968866386001261119691237943509037712641774068058327051138799518650539008087183770771147622377921014294118400000000000000000000000000000000000000000000000000000000000000000000000000000000
3481264494829946976657254502614362000496506166877844839104122432626428260069511650798068680063854828995830791866638101689131926392350204954211011636899140608024622577582037867714563275909418015314295064883921035167404857266327460635903555296422166936606505600624446910055083986167481373830589361760147699582848201973226493666484533036169660814561394628231168000000000000000000000000000000000000000000000000000000000000000000000000000000000000000
781261234064273755768884702536163997679586274026121347564333449896157720045216462684889417790442636249031785742351200323915435186224406021977432894516121546822902441060329190113233396914232756452652545041616077560371957073733875467824424507706517674507555748365745509653615027471760075011131773649885546025341941835453379598579166116698075955200000000000000000000000000000000000000000000000000000000000000000000000000000000
108959815134423689479926053941447714666922346631013116899824680383645446252643981038929770932983627916318287182875040786782582937678690131857014012290856669829078800473828087522435951107869630213621484327939845705705160804929807790822303652681772486869137531799074041031915321557031153300215830462239923152886477818927979884024588840044984869131920527958593937342464000000000000000000000000000000000000000000000000000000000000000000000000
238193804580324976333519777807187489519964424321854409441944265221454271219951298511476076142609974920254111631755040800314723965661503197069511043486214145122106939719078281460285375177591128126661862398440017630270199142615393406432496663890778509299870556386233384517980761921302111706764466690115723230098570649084919110885750794797821059855685760382311314140295567512782984581621721441907653464883725509827218859672996454734164099053784859288599084002181120000000000000000000000000000000000000000000000000000000000000000000000000000000000000000000000000000000000000000000
123976615258316117767886845368235867622085575669976609314176166051873016944807604168356870756943574015958735847865956475765831221918580151294177843880044034288451413699796789954495588529687873967141165318415936309891946250240000000000000000000000000000000000000000000000
26202214125766529660449414664336305488892517365975412992948704443666485080345704938981489018792471702601367278639395186356533785768955799184642250888433634029198267249892611673506255456951785410161211148582675222928005533480883411358508040282634338726630656350085958486646170669666235744485853803844547341129289639570653178199267655738275648209836800437273162603815347545784828218441987073098696208430062695455129600000000000000000000000000000000000000000000000000000000000000000000000000000000000000000000000000000
104461578395589929811835438595368839952513066259398503790154918721366061060080495219086722735459753735908221378391259358429184000000000000000000000000
1306207901389200715088410351835906657047863527384163461377667928113320620483533204981639191701165951111386555180128860915027714070611973755378060449070256636261113488671309391244644214999532412815459194153822760694205158419248139466577612562093240666379643895138236573626546661997347880639363137016472034846238360846457125132736193127932689354036158977989073179813888840486631776272247393519667513027298830247072671873447737021338107248640000000000000000000000000000000000000000000000000000000000000000000000000000000000000000000000000000000
1671806742188700459136758091730995571520279359419390902144208242760397855401450476001286207375154197166773658883595743830707408152773719167174004099944886432918252445903238953089971047207151743579985918289780120690448627211960320000000000000000000000000000000000000000000000
2480142142196092534082333206118400000
85928170788279083925197136825434791411627622847573289023454689232132280654118294594231014038098904949062958013121964300726607255635571484526839606517474265738503158655918343675633844543425791758028452506247736392224579619485521543950808853176409424927007791822756960066447080770159023603046302811851617639990605511923859456000000000000000000000000000000000000000000000000000000000000000000000
16845656573916131563826116652378126627614154939402106006997775155200000000000000
422569621773160579939700890951338659620634305942297487742074880000000000000000000000
6992790762267897263414121695676198030447955218944727805018081486444031160328309809733897574684676894317673091698326608281600000000000000000000000000000000000
2638077777180599574559190918046319643391807336072537032791104248163086906981760368640000000000000000000000
6568126957685042165709392262955407101331966852495902975714666803198304095532401174874238490286379348919837763284729838305483623530076360086126592000000000000000000000000000000
10890863158517211033871463102375354097991680000
64091009977436229788422517118169506723659778740873914774559810831801844709292154765892251123708200715563708740682176792585779725506461186672158423506056590855975731200000000000000000000000000000000
9457347356516669509096608218593904675638604442859549151677898132669091295753708341654778302361976749042254998203398214579223298629304001165787136000000000000000000000000000000000000000
414778346422746062552302662280909627017667272723482542080000000000
138380122075645954634420330229215517221822354835832054637920285662117888000000000000000
148351270649046871521974064928658511019440096506639934636951199244886718073245730942491262391355515638446730357261204340479966683633938759414315035749720624763003225071904788730380440751402301924855308748246458953531011046360302348401750986359633803267137346746372593844721460061789286779276477655789476745807970364234052808798589669816042996646188276687285780480000000000000000000000000000000000000000000000000000000000000000000000
73333136337266231780815418473583087152502166788302698650347855415118282917862557209364063092302079742212344572342076701204766328786748506153178910181178465670246334793978619598268616964296277347450415945408938372468026324956809165362308010807190118315062188788298091560054718539036451884065095284187231408450172188173082968249374005628716921051779639348023541612872337986442808081105696164039207597351957474745639392365797159241771804256792073297014761721954304000000000000000000000000000000000000000000000000000000000000000000000000000000000000
1425000264035652304140194231940852877502622851576098049952350366804762086699997474222227154234863188158601401693256411765447382170602351727896358473147817024393003628002350791144186226346138009600000000000000000000000000000000000
166658308587272885090718373999313433756529570664494293612971786470259859181566769042731375327813933013629886348083099151413482586253070347588775532950811051701854942001382037169482230256118821851899187018491913830400000000000000000000000000000000000000000000000000000000000000
45831676316067332537159982034268043249082215038816218174317537967651745880825494921226858206643771320303616000000000000000000000000
1662819840000
1092763622727819846576824545800255183929666091082225512547064329992987368271720986573273738979129248555154921274521713369035142183042087233759408560583316122260408941376795461919584531116778980889262384685926074898807005988252747699882312148641937453002471824627840156999916491758564746903264126645733341832748782299442875266895268344739017928490569893497189516112507552487813142759337213590440368511370783546538745242498027721747346010951112497414796050459886765948420639236152535001067421696000000000000000000000000000000000000000000000000000000000000000000000000000000000000000000000
10221215707660394699117117570756010602009633992968035566640058201939454230337149113116340703320171648699596800000000000000000000000000
4252317818100120893387292925388686964145938764862233740784567090186156695334496355817353181109272382647848134010731740845621465875331772965715968000000000000000000000000000
696654297650892317484735697374587440072410118056949023551628921642411021381911297020304448047366120276915382345120447814179673783578021574990967974037691282762556081431805926408429623687857041177044389751967096906907394681007558170302335940586486565054662863740673595608724245464960408421143270075836137028485765107519826010109913520316936410535305740601007608722326103509271020467787301694158363543590862895879490109440000000000000000000000000000000000000000000000000000000000000000000000000000000000000000000000000000
311666085233678466358705193191598738340671686686866110411397401074725478899036321360908464662836261039343152573743811339663317490363139288694898942262429101299358514395225593624275798723332227742609789791232563764649666358180653674434152136557861082511929001315716300800000000000000000000000000000000000000000000000
6949667480019980491596225502209518627312898937493872829305282102125183690585712944898980345218953949869521365691924775282538933743621711114540577100534883269691793580600486428010929390667449655982006982473262168096905863148970988148916233227605011905909862098640193726649848117666291955133073838515298280361123253812938310986375279682509426454166138482055187429456502599530232775757004800000000000000000000000000000000000000000000000000000000000000000000000000000000000000000000000000
25719992585737255909001973989376000000000
723184728530438321282752655445397553393237142893095056096603047897767517224414740480000000000000
541417656352134416292968541069994625115587081115199142219741937162907814068316227398109555088848245689314404937182517715671659401561009325001517051721595681275864733520387766577791282310853284088589487536239006784273007279783651682305215601872601652262260381820730014846363293824499749726218275587633781114142720000000000000000000000000000000000000000000000000000000000000000000000000000000
2226056994897750995075650882067529629482124167244848782742668016979240323228986346975642508995153364121828436852759423153872025603168374604783681369271309349609364105891676160000000000000000000000000000000000
22335652781000892886860377894027981759475033762092055475011092921944957333763253354100498495675047888729138732905330005754796669592962962646573992999900686195610109211066861647759924047086747059968684273486885340272558058599460327422514250180697055100284042797562520876632338081569581055960396283345463578937721268083654905809759323709601658696077246665833933416090251949739990397249711118709026803459930390904648499200000000000000000000000000000000000000000000000000000000000000000
1989187101226858479799061963530193501613134208309081776471515046644606022302377935296150740889209253012137445319280146168757003501457987118071285357922348590219202607669655512188598558875814353472049798069028830497907561308907497641279522656097236048718967363483070880033380442429064691228279439024976579830379688113768036494537560152584180060283622628007417898598400000000000000000000000000000000000000000000000000000000000000000000
16389312676895022068594937669717097491164162607975233670052664131729733106008722548388502719846197878537960623894484001969064666601839218770589023634118069122364683259839220934911961605183234492867323582844258757863609165067002684862916646038866082393921160245756174102810580194485090242885075449828418074739104172241030479872000000000000000000000000000000000000000000000000000000000000000
753407662383219921422492982114563540663768657562781418073538566983477254487567621628654322162629582948223558030253327489760817772457826830148355987936661970530705515637108828036999254701836667709831302332773217931518479970469718200953425005436478621562899323169499672147104231133011513047449861958445630292512784650323465989421866656207352624203947650778927295221502791452626247204916585166310851658818181408081254199107403309047951895411586604029051575464685201289266593792000000000000000000000000000000000000000000000000000000000000000000000000000000000000000000
28581981273212568637292267765873879294769364992000000000000000
34970548695355093390133452497620861362747515502359344566625531930824464012013749542647234560000000000000000000
352
829851805369908133859106237805491906414938503814590409308002035818255583754965215179160683207199454571097597047244651365486168010352474398915209601236401200528064807083860078990238842583140555362601407240612555353833842283652079826169065444202745127824775858709308444486384038133089275600532121308312086208634989160311414714204806215052359050010572596208142780501216303513600000000000000000000000000000000000000000000000000000000000000000000000000000000000
126820299513634390488155981553646027407360000000000
1802432402778861926472066741043200000
885314030573482978106741146342221588306604894615907069056613238711375275863692808176629856139926827282775872440846102080757477362815589024278832577722799041634605292331624057461179308872649696087425464673553172058457157579398429340070706474967553876669015644791486977859204554078901163939067521160852033775861760000000000000000000000000000000000000000000000000000000000000
837731667034434386309925612692718144481033362272528722668672754252789573786504786972806541474120451006504175627403269379539032545189498040352745079657115312109629095506675087531852588646400000000000000000000000000000000000000000000000000
8829074755379920767563728242602090709110866445207484221131342183912031079527700866982099288902668156014493954605494596295096629291499229699663835514055674550873370429431791923429986745129340999021729629145453861029583953652097997340075085825005968410157191290227960288749600595711567664614998145144297881600000000000000000000000000000000000000000000000000000000000000000000000000000
148119310863404274032333291520000000
243429219123746250791250560120833336557334551896648765644538141186561336821847874300092482034722371395002724768514081260177839366545630393884164926757818990143377244160000000000000000000000000000000000000000000
449477214282573369320931158353476004489497610826345734856371561399473121950680231695362649486239266896639877836877466976862504462909244334385992689623862467778715557573725389931409185815472431260810103906586960576332433239936908784620920756247752350683361712351940080291517419516156390123923441830873894537400175082338232096467129738720239672253770165427684039578930122957379019946420439351296000000000000000000000000000000000000000000000000000000000000000000000000000000000000000
7402576944420344023730051699114170732317692664184816519520651521140888897414431805513891942873035182851897687634847073407516547438597226705217087057082352016950148977080340142160326623172722545604641509170810356761556580551491802420000997841167160975677262714820409885327408774845592057747554199714130793161262478718067512606823805304696188234080216208890818199552000000000000000000000000000000000000000000000000000000000000000000000000000000000000000000000
254015410247174087318819004960682655809689707168276608367555578944204319671991937693868087771691568561664397842559023260729659345643215766210236423735184674396626850444902258665919790633258937328623812754596554813087861465956884661689218369046500056369779291503624045983246652117760574510054294184748764633868613671562821898079942224343006541941350172016415449474788633000613040585069539563063511976409282613147916963577005688896947635608927615305470913022662803449019403698337680953221893621260117606400000000000000000000000000000000000000000000000000000000000000000000000000000000000000000000000000
280029268546141824116771947012988550498303175588622151779891366731456024372100968573412332640732179892725916196073896375583733847386067298674800260667235159244800000000000000000000000000000
213342109988954229984854504352264064982502550327187911151682871065678518935933027736308306550519658270777478006101387414375582637428610864382534810495431647835867698302879454857735489188399394243163509702325122948142182195939174201138292646679923444543413757792144918483880380284703965860758078518773117753565718668902400000000000000000000000000000000000000000000000000000000000000000000
29956228494216251320303575561630388170292335501905009352754883626837536525842768057101338844099233975472711380983287544392295029564910318711935705029732457562071977138988476947827329237289407106962566285944869730965598337494826689015584567366929736205845403652988827245369373989790259318308808265973611729615108270208659933315162823357238280868167525680194551227690040199644105691049980834366121446921829274728241469490581995093820664753156211100318682742346432399882828843581440000000000000000000000000000000000000000000000000000000000000000000000000000000000000000000000000000000000
110102308379042071633155724928055381081110688256125844978407191046810220979557649364748848840870245895092106217335739434467274531621879092653976815554387136745939493156767149552855915609250414911923922289291882832058122240000000000000000000000000000000000000000000000000000000000
455960731790216911602041189624456110286093861270231247859709315051062795522591712189002991557830899111740718436028992367330907938148352146061782336819928869137527651463762181760163149157134180063053830953237982976171981770271181833631240785258060467579796612546409836655612311953896858975371465127730304752099500753455016761565024624388575045516643829452848154754498676167068987889710532345377687625474426619285434385105561036717881054147498963079227511768765832298622607355258416444712754325643954689619849046392832000000000000000000000000000000000000000000000000000000000000000000000000000000000000000000000000
1181961723010377435728037972783456023519674748756057642563111963368722632277703161718416837124006997485046575267441558870737252790166540517376000000000000000000000000000000000000000000
221085641968708329299343911593239324684814143186970583224591794447516722581668269471466004289556512095612500120975865727124909942337444313213777057022722963448321680148347985064299227724697872601952848001636078076468999531496042836470752425215821364949115566239116399787385695773323883113066952325996914827320165446132215837845948119452924257883435694459892704410098463485570927450189268612627123285758276299729875763200000000000000000000000000000000000000000000000000000000000000000000000000000000000000000000000000000000000000
15221915236547337678619545111034331136000000000
79235495516317985693199029944952987798410972514709648890676882237647450882965411735480022792828434428666534650605531043542158168165322336734358166686623309304295560163675257700682916501822199080327502513314009874134288733246191435948128313814686240309331104802659938463618020105070696891325221902825911159574971870061655210874585390952545560186546484522314043713937610978453320532568568909050457334292509591056311910400000000000000000000000000000000000000000000000000000000000000000000000000000000000000000000000000000
186339681472179330804321116659181619716645303889384556422370191723874569647295722146487624944702536399532929292072523175191604738150674806841986415305259732422954503866265673458820726939754161229824324548357829788645513299186786015657723768561045081843849852565342562978254126606862685698451288844665901329581242249462731379361100041152167975909641420800000000000000000000000000000000000000000000000000000000000000000000000000000
22648125574056791490398126161922627643664005805537414829368351786611869350577996130164191181570909354229850177536000000000000000000000000000000000000
1576636278698551410174510206604127975621368687294800284638434868086182846687358803465967866807260985982062728341285714113480867835390934583489665636885544867235131850528337750471470166835200000000000000000000000000000000
14263803670819394017205783922158637297173049554788232644488103685150289857791953810858282906177212082148213536997901628963901383741161404611289830037982638699995474783161548800000000000000000000000000000000
11775536309892061538432735255083825996412772425831527693017530810995000196118470594240114277271048962545229548281661171211554546495323608232155937438940610767139534320752021084375216147301892354264278583971289028013840979982673460386203618389456741658419297588489610176919802637450758337169971216403057600291711552461383112564285732776049316419970134080169062692198178656498764497625212022546017897278342295367274710185745355244447687566506722570540863792157284659161853968755190613144325330253192629950873600000000000000000000000000000000000000000000000000000000000000000000000000000000000000000000000000000000000
685602293648866792396971806577207459991476316503024812630998775175618523671641317001609932762889727617048109026892695345722128860095284012690517367193600000000000000000000000000000000000000
6978589622729769694003200000000
786185941100470141534044405005358641053355431338378510526543607537216138480569032146665069052961862371140741331685301734267272177245898894710984700447087133216164896952656203361938060581725961220233514090923242908654956711443800072586029940468553363807590801970492572958720000000000000000000000000000000000000000000000000000000000000
652626858459880854364746749627145239451474996748068784309645398164248475283594772581431873702069824054378916726887279119611796683512629747442292047172163570802692554210078578464484647203251951490950209514528912908410795112966828480187794299382843288914970519352553184857748807790199871471086126586756405280502379245386073843714896509733095568259077391064760320000000000000000000000000000000000000000000000000000000000000000000000000000000
94689244619205410424223365101534920545236860604151838072134601654282893479506408737714121273321395861940047425260077662594304624999121952511985349319722303899975799663416593722636580017238128922160607539393151271069921056670377512387943853311047335410052714347295795793462587978513366277293257751243773981860410822231763631896090419438348263722951077050537636397519981740756429788810593319336971761274059081156882622775270217951532783425089934461312696320000000000000000000000000000000000000000000000000000000000000000000000000000000000000000
130431721034826810823958649945908082210543081845696778536001190878380512544626016070396584331174339936466305907346432155425127783141401297018017647727488227463088939015867113290129751991312184181750512878764607035854103206860912727904847947144005911285854415148076322789335693266908086272000000000000000000000000000000000000000000000000000000000000000000000
37328775193798188377713715757467608921460825798656367248275656820337393100214202906825521978663074424422400000000000000000000000000000
9458465907499636774830528295512124795485019318328646332062784781519353232501766898077115400843103045528908814915358491039353374040481841229178099877805017855761899077756234792862094074956935953098920559510746453305654441668867396337611889461183608101405053304941681049600000000000000000000000000000000000000000000000000000000000000
6921621544176873614868480000000000
542073503239010621773646124533019190942061451659333640823698473744361130500187901555878205776782900169652288637116356515674586847277775762014297387259907018275947298953576325316608000000000000000000000000000000000000000
313591658250108562437555018433961557628260737708791353661154995390965087380047860731865509363612727753144637810266006352311921305575372069239944375008989316482038839258256417705900772838679912371573180601578055300088935447844860787874633256910425321805323225874709389728780542269341919045625734248700192451496662556255191040000000000000000000000000000000000000000000000000000000000000000000
80590673903150643159566881197267731419420343114783387769102793703424000000000
3208168100868873804577440363908934948518816785095759233624919596290469090095017735469882221256674189545501324167926683125794844723908006229122434454117625372158341285432657040983572064346191352773635686942106975461857555913099399093288960000000000000000000000000000000000000000000000000000000
8263818201116713844121202569351587963527402269766779521412571400223844136362620824026508791550610117789494168787818939919749410558928001414418447280641344033508558560966254322193619451651697865590752561588928019277576009717242349829788301516970624736924760068677923547567877381799308293927597141655552000000000000000000000000000000000000000000000000000000000
527020009344660218686467427734826075113845117317055313862392761587319387894332427781343972094865000988907252910925114159157610229447061289091239557064769883439339655389613126000384664716896632832000000000000000000000000000000000000000000000000000
23415586080996991382476693155851115724979903565192969324027871199786081383921921335393724743475414272570986491691574716541416634500717921256201583592922622516448532761554778501352147863571868222166639775940793288009091131435696569234363056403031946679436864402097560903575546857967430701937103165047332054989324629313758154119879922417331964177470281332718814629889768170090174733189286399096115854271818711390170989734556136354972669351398079712095877398447322290802346389491679232000000000000000000000000000000000000000000000000000000000000000000000000000000000000000000000000000000000000000
37574607588072895889600042542045412904249189626178918066737882144734138574936809144320000000000000000
1582318088839095751692501714292018721587200000000000
14163751241625319395548198164510601398571439709128503119370270216461866177171578857236590843862805232171652218996599276411756461573460615709154278995715422453586943041539980463325168319423440374892904125199551793354286022887973905488689716685123172865473295542886117798257036726517311627786771969017816499259607337769389021167844400921866416631856770356229420961955208152485350163547711291738030640393467663390567307810082652160000000000000000000000000000000000000000000000000000000000000000000000000000000000000000
31975096746661184205099244280819056996461276696823250836412551505046773398082779902968843696823595510854440134760530741517045286250441200217618788158416480896145495660391604642651315919504141715800508870205491506843320195143662728490258767281871370719465369898209436320264427869779531737644977356800000000000000000000000000000000000000000000000000000000000000
23349899033400606054073119523804342193503269112101166611603128997426768643743458313518423748015086315585037250661630227790923038720000000000000000000000000000000
507048195473987298282204443243146650742399178405000403621856756776218591055379505351297055755370607740516714833220215610651316047837692778070327578500305740947739946417422538584883200000000000000000000000000000000000
47431800841019419681782068496134346760246060558534978247615348542858744910489918500320957488537850089001652761983260274324184920650235516018211560135829289509540568985065181340034619824520696954880000000000000000000000000000000000000000000
35494863294843983933709208794845427803672774706181200696212922917580352625929286559128372105885074298662658233633955083843542450641663195906378091724800000000000000000000
56620804286604902400
25243071160727904709633657371580709352023210676194897660239586125198393713510668806801825307486647481204534569617383563125119013004717104588908939749429870008785461385370143527033612769926810363136248999076607598174897477908025640830336925480600706062745600000000000000000000000000000000000000000000000000000000000
15836575919353126469876039739774809391635767700582989382221114986679607532678281030179370547248459089162867536868491872722524510029360144779242727012035105964622986529568732944344719766677450558593423749950489066295615489572091271911488936256131465746004126278353916519859206820325615906874468748643442200575582398142064744555208233978290245970865279319621771285424746720743165228749247673251922326482834539151360000000000000000000000000000000000000000000000000000000000000000000000000000000000
691382019545916571628188151754726372362875363547532059346546119615253368632986104169211510610339188703517923247427157941320156665067976082388513165668212173499388834351511440569155337403086192547951159342894851844590700948248924301680323866549205342202902857232527290807892312064000000000000000000000000000000000000000000000000000000000000
159826272684003046101977548129740671110144434879511655644321024625608640087873668138841697247864698778189770065259964927427425902857670046394777736698972453089046265876739188902945332860156810529082285979370573742062851512588187324170958537990901753859495323238400000000000000000000000000000000000000000000000000000000000000000000000
730745781633484062048069461807753294890695133971310713538331459923247358519878567544034140083701587908192003525653177549251483956709100971201364725049375400188665037687433096134645787099300693613622055867874550650245299505224464310729087957873475063267891700267071934020195081277304852611480928219378300868842889928704872742597929174302720000000000000000000000000000000000000000000000000000000000000000000000
268558019607614213054422956419346398908131210659916783012771850900382214391855878391603077852148108319660291903059876387393339689892484141965223447859098280450313114672921668707141698807003194673377557394262466717665883180904439067923967691098239844759841639351234092122780461484747208063231141104647780276357674660456295552904326512133746836371284345025333548825193351576417444661713997590249206710272000000000000000000000000000000000000000000000000000000000000000000000000000000
16459951701038697006536446860908277863646235425030034925366328407602999839612520933727650259551413734853453678449100153440988342320365850116595833754886137430068634541933822790877727308133284446208000000000000000000000000000000000000000000
42000
368890430061657467434460774400
2498588745264254882481271762405529284552546067937847436349187026884904696058294859808603312641801481560966961925758682047700802135738906104047672293360036845103416218097957685717083918246864682193858992662288732233559968077611629476360086338360004562026886119601469579794304274304678235287931175281645613597190085256480561620413114484122734018461220931397510510146788449657957226905600000000000000000000000000000000000000000000000000000000000000000000000000000000000000000
6379147423884811944166172260404329864091710209886130837657727860952571540278124032334129951489736530543968035044212942157241146445366179803785846610300322495642479872994096565457822700806596270304665006715371824708673286243281673896572496817337123744299733373209804800000000000000000000000000000000000000000000
4098580591523712418377296661704729221185726886049464471784594964952376430371841823784507838383313773514120079553764035558148512153600000000000000000000000000
990904320
2136420978720490093092441407069494331382052340278656958094840981193089494870725976475205858543116832000843499669298555230861455014461855700662423294800401038793764199890075524892803424415254548524913826806898643067784739560264795430854767753971455952686693564726900226741524671705907200000000000000000000000000000000000000000000000000000000000000000
83541927619068652347655891751354569386295878345141362234920129071410828289847486842723834074245903070572025197998070105157010703807995411035040301611744599139633216919791276367219328461401089573281289628069618703134364617349057687937217635022097353909882979596018777279792300813588139053984193523457025811788345134530373301412783009562624000000000000000000000000000000000000000000000000000000000000000000000
241471462285523726274891063798515605123844270474216303767198218533288380876931162584903376094814625093957431219483330677959245075593560064000000000000000000000000000000
2985255669534827743020571574530349379667021817027913829425459912337342288384155945423559602858521781521183939402399637608020461829348550246400000000000000000000000000000
3615263335005713444737148063143877223310694149767662379598941724629454430246015017343898884497216339717255793754980183728054797449913921884272615723907353820895614986075089458150193770628407602863710180155866256251127053175538727716478560207975709983443296115084561197110106012185523673772738631485369515235113412545023135816626090113061300134441920062877626894940087360735369676691645278364192708055420316346490633133330515553363829981083596492613041505128839605738322901514321920000000000000000000000000000000000000000000000000000000000000000000000000000000000000000000000000000000000
1316108975318464370100606954520788414961621742798161585873373454127811536880617772501860721089183510524753715633094953212582521897266259247627239424000000000000000000000000000000000000
6220809409133856691728298254408257203386260798135042250119609751179179043466990501184431506601201333478352903805692933659957285426993601835262951568710903860350856996581162270281173881756552681843901945675790210973409936003753269946033483375447423999983288334930807411965952000000000000000000000000000000000000000000000000000000000000
246835992032950277214862624662176332800705694913667601488934614751271625477969363668414167146154946895413263469369757953404890722331503609313963996782982748804179541722613349769560913918153657703725208662924635872376522708801932945420992070448922467356186973050330753335747601197548175360000000000000000000000000000000000000000000000000000000000000000000000000
22555225120906383078671297163726230504079360000000000000
444927828879248921144251468755447766479253542013139610489496801314609236314987265320454362758282516541785497625522339840000000000000000000000000
334626864273643899787523360347420315836849259722755343642343934863113740557931615783666828464694107688202037785137467919074945593073860624198946198556972486053922340864000000000000000000000000000000000000
545950706137457592810336014704483292626021497673441592604757079475116151352274198911862573066508320811202813999053460478608027952342687178393525800578577583434681799673021539842654757069028850138506537881152714564273323470385574446048659645177090351026069169367824680362686369828219912192000000000000000000000000000000000000000000000000000000000000000
9970588280077426135876987804558574947139502457976241458271935141314780887270238198411067755010776642268016503262414768451583680713276928115915550132679215815799408001585029118978994990589274629000751386824253003459536828853779574158711311118153073762388817556336356503235821182119510201916069758796814751176400704318920090784859430915312810919810058508829599185726525965927326096299693282250520935381760541264461147550108727537923901007360878654756755669419479172062778490880000000000000000000000000000000000000000000000000000000000000000000000000000000000000000000000000000000000000000000
372556065311718869618279832036374899837392388714216528533862219776000000000000
47254635054148528920060021058042581653585965086761539324780963175930053251597560801121931215769441902072633177760447070208000000000000000000000000000
18784184602669941004809112585801268972791454472942409751391788120485823845751105515466407331614220673072790121640861681432148441776840725064297798614332509826206647400530446086729331793041454200688620532146392231566753815212143773161054630108965156666073011378196598642173385113600000000000000000000000000000000000000000000000000000000000000000000000000000000000
3016631476789488291538748818410190913323033014059380320622915456342698376333522648568617920729558834855666951971589892867567480432472647918391597490026767727892827764098495582142020460048616612997805244271421121704052486725201652409915429116806226141257053253159748810449200584447351972249740743607398499627694770311668211941323759160811697016577847073135654125360517712544197494628564805115713884782592000000000000000000000000000000000000000000000000000000000000000000000000000000000000
238860830598272186904621059283774393317555790422696490623757729420217198821597585143268044896040773807754910005079272158812533489446861066791120972075098978184497072009473271423004824035309879721242850838459712966815863638164045508707620067491448921412450075121328248749833476883189270762109629954458015126805009552525004497276525715354498420814623127332256348679974885204373695019483697568635540262113973643107637213317389143244800000000000000000000000000000000000000000000000000000000000000000000000000000000000
416551723745212079032124545465830397452132286464000000000000000
5856496546037592411237371770118895668620056710998917120000000000000
5280
69855820473351617257551049627250216368478559287848185816824662163097941095297760728559072730952565124739145096287961506878898332975469319559834637201317801152606519505279264514632838773294040419958431348126043040880314419420305812154721366643644856332621844758544772917777356720444800191032797073244160000000000000000000000000000000000000000000000000000000000000000000
74434953501512810224594821499608565822127214115311045593296176668537395648353273622200097715455962989535195248417802393574948094970152818476808437789640215853241236143266612451233447307996671792975802661138105166488312951603200000000000000000000000000000000000000000000000000000000
20810361700028380861417377895935853142712857656713209908981427020476307117745468356699547502421082866708165292999049216000000000000000
5621499514603196612735146193894802853076997279892881548043265158995635329227484374862291663532635144963702159943523685377025457020612433325955742160909407225696892251280268025609523543665923633388225303809505213022208000000000000000000000000000000000000000
11638845343390194668066231858992642898373008082000296671229587004332597488845107598494494259162793268469918063175657970802360320000000000000000
15808149933043793680900190866193442714970974940217930193142462044839912708077200082225172965109979425832271853746237254231574730031399117661150214637051214306210053751384088593359986702156398779528008864946626119096192851527123956907150184781598714178325030141255256477552686581029282447857178142305732054373618974360347773439940624185182358912836696198380809764161859197678583640939361555591209072659753249074528212974995516852313590445661991254911614976000000000000000000000000000000000000000000000000000000000000000000000000000000000000000000000000000
601654156878531198492852010406069168191493179231687703379968874785387169913407781854998209498278250479998288303177494615974521149344941943539989928940431463060809551527275097053088132646155910050605276791239904333391271667190790977514934366752508875676096471635491592680751131844057856215917164957274514775909221967572331614676574343647261819801463923999838403560921800142245445002550376932816161783075816220742687134918429836298997192458240000000000000000000000000000000000000000000000000000000000000000000000000000000000000000000
180454896129503997430101952665331485775199263086775623602817843426410992912670521343843347526476929667100962101972172800000000000000000000000000
7920
540962071885352757235167020962992040756488371268437413716377855220220495845829397549687768322202306290403858732510588689988334968263762904211765351881445116373298564457006249564264672660640014643767917898876100930493708635904568287263338433341122580940164749972952487897581610125782683493069427286344622861033630715989012798119745009609006393011167813065772300262568860476122522564606968090934661611520000000000000000000000000000000000000000000000000000000000000000000000000000000000000000000000000
18766702084178623850558573294581738761533307923275302217793137553260970871520679535686784029080539089047207838167923228406339052448465522669759948008978950995189803407229689065260457089963007348624796837478400000000000000000000000000000000000000000000000000
786621069680868064129561389878251678025513139185629324594355220724945169942728912179884080185926870423528033324827315398023097760468155813751793088451091713967861422735317795509746962433963303705539699654450398924943928164968119289219076773677333438550544132896501570614659576221933842051134475387746787826569258359747287399393100207609993693671368406058706910338515654507451841821415104098620056519226482703475548229389339476913538507818926080000000000000000000000000000000000000000000000000000000000000000000000000000000000
4600932512059503734189897661931490046576138864392492321806082724682077496529372621230447734216521529217727758494043149438596030339549022671417647577051679939070540346056589180928000000000000000000000000000000000000000
8710977408806957297367490572544453650858294168892302040615072097522689264551232331017219283327800993853625475203189451667318557900800000000000000000000000000
29922048924675158359762931036341338829516880379785189881584499038834577960670085928767692247144022696273576082702011770876740603336382912865589676667309143962035533008503641761577665760750128994779976862318627228731506729857279279338724271279522275918102565456258645278696115924960151451081983105075433531442267371203768236464431536055795322250906233611372980395862368507970205319342140205324996995932585916828484776567105914513082438647904333846542111381795584718622997610496000000000000000000000000000000000000000000000000000000000000000000000000000000000000000000000000000000000
508068506381275357168522296615892916425949137501352283817309239953935038142671364929231594527699476751268488999673528574898334585874854937453236593992991814767811434075677889960875330426219647864578383835363233332237285328642556870185857087453460341077749014814370807706680906559274082019650011187194822407611618724034202765123945963196660228806237729024480253511792035613881939760730557606062272191264388076263284098030662492796051160951996880567162462869882429652507238677977497600000000000000000000000000000000000000000000000000000000000000000000000000000000000000000000000000000000000000000000
3665281160676164646029019569530988009006416527360000000000000
317159129835668257021118870148383545815134995917261643004938851130491128732593873186016182804886323200000000000000000000000000000
3637336531797995551806060429354243118514356157504642654158194364153962435830185953832831538582514364883843834417951083649104660390228385672947997483709547237621912976918370396007175382482054255231257676701647637516396537176496253061481295090704191790675015247415857213469725915920007674020035978060439828608886525212360237803122712901870621472938959060771247409207729983756855893061274718425810240767849270795400476708219524695268246372296425472000000000000000000000000000000000000000000000000000000000000000000000000000000000000000000000
310786622446369071739871790281290894963396214896191565233930920122307827906313677143858364580754062254543386253606256640000000000000000000000000
3230697310879350137983768461312000000000
8548555480695180791553056727540993965915566263411184742712614429478184564087853385899203602180651731364840756308401682459336708307103249061345799559198055349925262109126187710837279050697112532368725662845236034687533705824383643641622458602729903977470052607516789964800000000000000000000000000000000000000000000000000000000000
91157867064657610547608171084203757806476701359150768285346551882691306593211206720299523114335707344847105950434373223170951054795457142194176000000000000000000000000000000000000000000000000
63338207291330073721990525956140031430566887816972688800163925239795642531840000000000000000
29973579160702234381002149895984355171615193689034076689839126490732781172162560000000000
156495116072625133797607218991396037647231820705108635029529055409057474168708057120804829165677337430676971419799180686615746337236385000234379957598588887766533053579180574446763053435324019520096250468944525345467304119770293956967800986272378819906230382820112899714651514916153851904000000000000000000000000000000000000000000000000000000000000000000000000
55113240674441735696540686543836774982543416068833838814164334433852338647981285576186746800827269002667641280099018647136211864805234203927543838442131918026557998099444151371605887826631725234292582075671746312660139427207660672978266357760000000000000000000000000000000000000000000000000
165993951509178647064036931906345893888000000
151677707555929429647125652723043387895311528346424516616591456476941568036848249894469642453126889050574026443334731435882572996611016390181290339200824514096755857568484947736648586026544622750147953293262848000000000000000000000000000000000000000000000000000000000000
60772838380028698845983358937932368079053898253372151714532613368323930237433551514755287334426789132764218452516274829100691172773411115747037607371810163272614896334770285588737271247239772473637990889840367457829641116236657608797384866230615220775023701654644557085511493381515050288327781302904834768857535720423962431969862082976587804881890412900233538276639291517540761600000000000000000000000000000000000000000000000000000000000000000000000000000000000000000000000
1659514316458496040801539238774675720616240905528054410290247045502259633925805172729091593381134228901277268713150954802388994979084696539135350117653611968534374280843642951279811079444229462382938362276004187224221115017257093884219278845568354422181982665967451646617317769056706518540998684548124447223613056949759786220739198412340017553218838592184077582657458787306269672169217440501545633779779241476156481863680000000000000000000000000000000000000000000000000000000000000000000000000000000000000000000000
105616099732913421759517526231092747835682117613946388759057547954800883641876480000000000000000000
2542153546627276703398009002574872423778654116218103509342305983841635296870400000000000
63620290710012983779651605884965256868468059776534905841514692920873891459095451273594624004435916964116715646730341010400269461953272839820488644830370233159222776368419356357739699830216555542701677271763116116552550744850432000000000000000000000000000000000000000000000000000
10737325251057007310350891251260214213914513102596469272408835946190798441467863762261602557783057629184000000000000000000000
71364428581815910122609249959280831409068366979137948140884891508142077907236691244844553342387186313196459706264390089657938508449735396590848194157799937459922770792287507085026377938720767861366854218363703308002838986014532992583885124194662519370187905517486080000000000000000000000000000000000000000000000000
35783497578247420354193465054491427656976940736599535496779781416317881286128544419594479091093424808121322903383496820117024157062103244036695244615725871566345367225876398113639019284630606785964153733861940881089389883147083108794586238791400674947000840038517528875182916287730394698304459618437549360455140474093568000000000000000000000000000000000000000000000000000000000000000000000000000000000000000
1372550599779548730908019506744574679781018907155371128718289219466223485649805266756935042139597043472167656516312547945368340649738240000000000000000000000000
290475101473115141672813315571877238714739557447845155050395556271015533685221098689081242175031019898837092171480154882755781646942593708195840000000000000000000000000000000
34101612996492943038069590316357054361579927625245995093534182794558785130532966646301143577673730547976139756199615944269074110279996230362768343040000000000000000000
33833324184109111820645388488011080103582533779940020402713428406239730459484218169607585414039401806131192624689564408951475651729374266428065756908039406748736773943826583362675268954669584544641795885426573583727297152746303763264391106628846862148182163071094337566786381166645967659905673903670847857038013987821416265247978015638276368485018649065801261669741217735800966518920970240000000000000000000000000000000000000000000000000000000000000000000000000000000000
717613662006953335965407398309140765908618477960961917479013704978378505381644530374400120553757420060248398201971639835617013632050160320334534874441358638902043456367736391637445871182771530325126604038050325729735798670104118946975946981758594773429223224640248786199469582983574034625089560357029589086412991153290404889985796673735787299453283180492084674882961408000000000000000000000000000000000000000000000000000000000000000000000000000000000
8440616344745586675700372824609629979236578099200000000000
62849888795345755341290832702375653552723646175646386634567985817190400000000000000000
1584718690210510906110711316163107264281231046638720659983466700842307507149199780375079069671134413250425657742496020751864811600212583128336024207360000000000000000000000000000
70408439611186462366181735006208000000
912933959337393808276131768179754458880476455284072263041005135389628825600000000000000000000
447881970423015637252739644430010123349806930699161162505122290739156208674662175103442819812458110176228079579832800971148274487212232187399350382209692657512554238467080173613348311258160873594456956780099252276471381743728499528727967473403366704589528235723604888596380575237760312664210793314762656384390221619610355709022427503921016756015073632421821490424277555149251066866823294460342848675208212706272063529680961549997312325345101515687173554176000000000000000000000000000000000000000000000000000000000000000000000000000000000000000000000000000
5741375651639590154273743566874899556134762240980349582012436181752584255338060154152852906111601289221033177518057146404357277461256800338107370928510420658130741424686572995680159671776605772247355178332715655900350552361829234248609495303070656673088084598710690744316531582125225236260115085199786869034724219772918229259149436666603679758313062400000000000000000000000000000000000000000000000000000000000000000000000000000
10328657292467041303620191073428152556020193308542103171609409506673740688255954038860046652616694613302253750982894824198937149168304683165873199447961258480047717031638612696623828301522495619996685232700742287671272332019625149240401808653950937283832002431284134542026858276874598250490850140476009345111609405104693659871112655208357994933780480000000000000000000000000000000000000000000000000000000000000000000000000000000000000000000000
22673692936573085350148235429409094082975669334780047678403147180049454744319370354849704193955713220799639289668028130358369368278419138982629285376967745903357900063205158377253502976000000000000000000000000000000000000
21453918310808990397805032759593588177877287314695256408925563313446758016515938229223249339302419657094082667705181339441894390594477237408937687385713219139450464082081654161804751601098255056465955844244073498532297168766529910627769532712011459818122273524106361042378386907912977055173260802181596317768055318998168125665028123382624571452604857450496000000000000000000000000000000000000000000000000000000000000000000000000000000000000000
62717452664832000
8062723938824702644438850168094221353538673669819584241495387425516333552924622293918726156207301498776182219182513036292644623513315407901242354986199688574136768204590536540510521809264467798650307019117843972096000000000000000000000000000000
250328783229552427538370963990758199111675849070503902481489245696489116017288417334459633362691925345988811328719088521746733505068400640000000000000000000000000000000000
26288839254113704772077465225459068786408441038211998026262720173920979027359243072294379646796416587335147303690080972484933835233592115333642578136716673865250693478711901908977628254492463549900132181272948507123177385650988883044008005374707454682917428718219907843158106450060131936554188800000000000000000000000000000000000000000000000000000000
2055593870983868882970176110561619101098493444639060895703634515248212639726212780339751304734664337226962501167082578794861479356991186164205211114552111810935204692261713597435087160672232791803485509678644643307981452182640574145897271102571647567987136990891595019724774439804422832157371438145041379720573678862273344809642107156967098837098722167100501721458688169928623738817187618760410595938434054854436454400000000000000000000000000000000000000000000000000000000000000000000000000000000000000000
0
