899999640000011
899998380000053
899998200000059
899997780000073
899997660000077
899997060000097
899996940000101
899996580000113
899996400000119
899996160000127
899995140000161
899994900000169
899994540000181
899993700000209
899993280000223
899993160000227
899992080000263
899991840000271
899991180000293
899990940000301
899990760000307
899989860000337
899989380000353
899987880000403
899987700000409
899987400000419
899987160000427
899986800000439
899986500000449
899986440000451
899985960000467
899985900000469
899985360000487
899985180000493
899985060000497
899984340000521
899984280000523
899983980000533
899983380000553
899983260000557
899982000000599
899981940000601
899980860000637
899979840000671
899979780000673
899978880000703
899978760000707
899978160000727
899977800000739
899977140000761
899976000000799
899972580000913
899972460000917
899972040000931
899971860000937
899998080000583
899997900000649
899997480000803
899997360000847
899996760001067
899996640001111
899996280001243
899996100001309
899995860001397
899994840001771
899994600001859
899994240001991
899993400002299
899992980002453
899992860002497
899991780002893
899991540002981
899990880003223
899990640003311
899990460003377
899989560003707
899989080003883
899987580004433
899987400004499
899987100004609
899986860004697
899986500004829
899986200004939
899986140004961
899985660005137
899985600005159
899985060005357
899984880005423
899984760005467
899984040005731
899983980005753
899983680005863
899983080006083
899982960006127
899981700006589
899981640006611
899980560007007
899979540007381
899979480007403
899978580007733
899978460007777
899977860007997
899977500008129
899976840008371
899975700008789
899972280010043
899972160010087
899971740010241
899971560010307
899996640003127
899996220003869
899996100004081
899995500005141
899995380005353
899995020005989
899994840006307
899994600006731
899993580008533
899993340008957
899992980009593
899992140011077
899991720011819
899991600012031
899990520013939
899990280014363
899989620015529
899989380015953
899989200016271
899988300017861
899987820018709
899986320021359
899986140021677
899985840022207
899985600022631
899985240023267
899984940023797
899984880023903
899984400024751
899984340024857
899983800025811
899983620026129
899983500026341
899982780027613
899982720027719
899982420028249
899981820029309
899981700029521
899980440031747
899980380031853
899979300033761
899978280035563
899978220035669
899977320037259
899977200037471
899976600038531
899976240039167
899975580040333
899974440042347
899971020048389
899970900048601
899970480049343
899970300049661
899996040004307
899995920004543
899995320005723
899995200005959
899994840006667
899994660007021
899994420007493
899993400009499
899993160009971
899992800010679
899991960012331
899991540013157
899991420013393
899990340015517
899990100015989
899989440017287
899989200017759
899989020018113
899988120019883
899987640020827
899986140023777
899985960024131
899985660024721
899985420025193
899985060025901
899984760026491
899984700026609
899984220027553
899984160027671
899983620028733
899983440029087
899983320029323
899982600030739
899982540030857
899982240031447
899981640032627
899981520032863
899980260035341
899980200035459
899979120037583
899978100039589
899978040039707
899977140041477
899977020041713
899976420042893
899976060043601
899975400044899
899974260047141
899970840053867
899970720054103
899970300054929
899970120055283
899995500005621
899994900007081
899994780007373
899994420008249
899994240008687
899994000009271
899992980011753
899992740012337
899992380013213
899991540015257
899991120016279
899991000016571
899989920019199
899989680019783
899989020021389
899988780021973
899988600022411
899987700024601
899987220025769
899985720029419
899985540029857
899985240030587
899985000031171
899984640032047
899984340032777
899984280032923
899983800034091
899983740034237
899983200035551
899983020035989
899982900036281
899982180038033
899982120038179
899981820038909
899981220040369
899981100040661
899979840043727
899979780043873
899978700046501
899977680048983
899977620049129
899976720051319
899976600051611
899976000053071
899975640053947
899974980055553
899973840058327
899970420066649
899970300066941
899969880067963
899969700068401
899994780007469
899994660007777
899994300008701
899994120009163
899993880009779
899992860012397
899992620013013
899992260013937
899991420016093
899991000017171
899990880017479
899989800020251
899989560020867
899988900022561
899988660023177
899988480023639
899987580025949
899987100027181
899985600031031
899985420031493
899985120032263
899984880032879
899984520033803
899984220034573
899984160034727
899983680035959
899983620036113
899983080037499
899982900037961
899982780038269
899982060040117
899982000040271
899981700041041
899981100042581
899980980042889
899979720046123
899979660046277
899978580049049
899977560051667
899977500051821
899976600054131
899976480054439
899975880055979
899975520056903
899974860058597
899973720061523
899970300070301
899970180070609
899969760071687
899969580072149
899994060009797
899993700010961
899993520011543
899993280012319
899992260015617
899992020016393
899991660017557
899990820020273
899990400021631
899990280022019
899989200025511
899988960026287
899988300028421
899988060029197
899987880029779
899986980032689
899986500034241
899985000039091
899984820039673
899984520040643
899984280041419
899983920042583
899983620043553
899983560043747
899983080045299
899983020045493
899982480047239
899982300047821
899982180048209
899981460050537
899981400050731
899981100051701
899980500053641
899980380054029
899979120058103
899979060058297
899977980061789
899976960065087
899976900065281
899976000068191
899975880068579
899975280070519
899974920071683
899974260073817
899973120077503
899969700088561
899969580088949
899969160090307
899968980090889
899993580011413
899993400012019
899993160012827
899992140016261
899991900017069
899991540018281
899990700021109
899990280022523
899990160022927
899989080026563
899988840027371
899988180029593
899987940030401
899987760031007
899986860034037
899986380035653
899984880040703
899984700041309
899984400042319
899984160043127
899983800044339
899983500045349
899983440045551
899982960047167
899982900047369
899982360049187
899982180049793
899982060050197
899981340052621
899981280052823
899980980053833
899980380055853
899980260056257
899979000060499
899978940060701
899977860064337
899976840067771
899976780067973
899975880071003
899975760071407
899975160073427
899974800074639
899974140076861
899973000080699
899969580092213
899969460092617
899969040094031
899968860094637
899993040013447
899992800014351
899991780018193
899991540019097
899991180020453
899990340023617
899989920025199
899989800025651
899988720029719
899988480030623
899987820033109
899987580034013
899987400034691
899986500038081
899986020039889
899984520045539
899984340046217
899984040047347
899983800048251
899983440049607
899983140050737
899983080050963
899982600052771
899982540052997
899982000055031
899981820055709
899981700056161
899980980058873
899980920059099
899980620060229
899980020062489
899979900062941
899978640067687
899978580067913
899977500071981
899976480075823
899976420076049
899975520079439
899975400079891
899974800082151
899974440083507
899973780085993
899972640090287
899969220103169
899969100103621
899968680105203
899968500105881
899992620015113
899991600019159
899991360020111
899991000021539
899990160024871
899989740026537
899989620027013
899988540031297
899988300032249
899987640034867
899987400035819
899987220036533
899986320040103
899985840042007
899984340047957
899984160048671
899983860049861
899983620050813
899983260052241
899982960053431
899982900053669
899982420055573
899982360055811
899981820057953
899981640058667
899981520059143
899980800061999
899980740062237
899980440063427
899979840065807
899979720066283
899978460071281
899978400071519
899977320075803
899976300079849
899976240080087
899975340083657
899975220084133
899974620086513
899974260087941
899973600090559
899972460095081
899969040108647
899968920109123
899968500110789
899968320111503
899991360020447
899991120021463
899990760022987
899989920026543
899989500028321
899989380028829
899988300033401
899988060034417
899987400037211
899987160038227
899986980038989
899986080042799
899985600044831
899984100051181
899983920051943
899983620053213
899983380054229
899983020055753
899982720057023
899982660057277
899982180059309
899982120059563
899981580061849
899981400062611
899981280063119
899980560066167
899980500066421
899980200067691
899979600070231
899979480070739
899978220076073
899978160076327
899977080080899
899976060085217
899976000085471
899975100089281
899974980089789
899974380092329
899974020093853
899973360096647
899972220101473
899968800115951
899968680116459
899968260118237
899968080118999
899990100027209
899989740029141
899988900033649
899988480035903
899988360036547
899987280042343
899987040043631
899986380047173
899986140048461
899985960049427
899985060054257
899984580056833
899983080064883
899982900065849
899982600067459
899982360068747
899982000070679
899981700072289
899981640072611
899981160075187
899981100075509
899980560078407
899980380079373
899980260080017
899979540083881
899979480084203
899979180085813
899978580089033
899978460089677
899977200096439
899977140096761
899976060102557
899975040108031
899974980108353
899974080113183
899973960113827
899973360117047
899973000118979
899972340122521
899971200128639
899967780146993
899967660147637
899967240149891
899967060150857
899989500030589
899988660035321
899988240037687
899988120038363
899987040044447
899986800045799
899986140049517
899985900050869
899985720051883
899984820056953
899984340059657
899982840068107
899982660069121
899982360070811
899982120072163
899981760074191
899981460075881
899981400076219
899980920078923
899980860079261
899980320082303
899980140083317
899980020083993
899979300088049
899979240088387
899978940090077
899978340093457
899978220094133
899976960101231
899976900101569
899975820107653
899974800113399
899974740113737
899973840118807
899973720119483
899973120122863
899972760124891
899972100128609
899970960135031
899967540154297
899967420154973
899967000157339
899966820158353
899988300037829
899987880040363
899987760041087
899986680047603
899986440049051
899985780053033
899985540054481
899985360055567
899984460060997
899983980063893
899982480072943
899982300074029
899982000075839
899981760077287
899981400079459
899981100081269
899981040081631
899980560084527
899980500084889
899979960088147
899979780089233
899979660089957
899978940094301
899978880094663
899978580096473
899977980100093
899977860100817
899976600108419
899976540108781
899975460115297
899974440121451
899974380121813
899973480127243
899973360127967
899972760131587
899972400133759
899971740137741
899970600144619
899967180165253
899967060165977
899966640168511
899966460169597
899987040046607
899986920047443
899985840054967
899985600056639
899984940061237
899984700062909
899984520064163
899983620070433
899983140073777
899981640084227
899981460085481
899981160087571
899980920089243
899980560091751
899980260093841
899980200094259
899979720097603
899979660098021
899979120101783
899978940103037
899978820103873
899978100108889
899978040109307
899977740111397
899977140115577
899977020116413
899975760125191
899975700125609
899974620133133
899973600140239
899973540140657
899972640146927
899972520147763
899971920151943
899971560154451
899970900159049
899969760166991
899966340190817
899966220191653
899965800194579
899965620195833
899986500050621
899985420058649
899985180060433
899984520065339
899984280067123
899984100068461
899983200075151
899982720078719
899981220089869
899981040091207
899980740093437
899980500095221
899980140097897
899979840100127
899979780100573
899979300104141
899979240104587
899978700108601
899978520109939
899978400110831
899977680116183
899977620116629
899977320118859
899976720123319
899976600124211
899975340133577
899975280134023
899974200142051
899973180149633
899973120150079
899972220156769
899972100157661
899971500162121
899971140164797
899970480169703
899969340178177
899965920203599
899965800204491
899965380207613
899965200208951
899985300059701
899985060061517
899984400066511
899984160068327
899983980069689
899983080076499
899982600080131
899981100091481
899980920092843
899980620095113
899980380096929
899980020099653
899979720101923
899979660102377
899979180106009
899979120106463
899978580110549
899978400111911
899978280112819
899977560118267
899977500118721
899977200120991
899976600125531
899976480126439
899975220135973
899975160136427
899974080144599
899973060152317
899973000152771
899972100159581
899971980160489
899971380165029
899971020167753
899970360172747
899969220181373
899965800207251
899965680208159
899965260211337
899965080212699
899983980071273
899983320077059
899983080079163
899982900080741
899982000088631
899981520092839
899980020105989
899979840107567
899979540110197
899979300112301
899978940115457
899978640118087
899978580118613
899978100122821
899978040123347
899977500128081
899977320129659
899977200130711
899976480137023
899976420137549
899976120140179
899975520145439
899975400146491
899974140157537
899974080158063
899973000167531
899971980176473
899971920176999
899971020184889
899970900185941
899970300191201
899969940194357
899969280200143
899968140210137
899964720240119
899964600241171
899964180244853
899964000246431
899983080079403
899982840081571
899982660083197
899981760091327
899981280095663
899979780109213
899979600110839
899979300113549
899979060115717
899978700118969
899978400121679
899978340122221
899977860126557
899977800127099
899977260131977
899977080133603
899976960134687
899976240141191
899976180141733
899975880144443
899975280149863
899975160150947
899973900162329
899973840162871
899972760172627
899971740181841
899971680182383
899970780190513
899970660191597
899970060197017
899969700200269
899969040206231
899967900216529
899964480247423
899964360248507
899963940252301
899963760253927
899982180088193
899982000089951
899981100098741
899980620103429
899979120118079
899978940119837
899978640122767
899978400125111
899978040128627
899977740131557
899977680132143
899977200136831
899977140137417
899976600142691
899976420144449
899976300145621
899975580152653
899975520153239
899975220156169
899974620162029
899974500163201
899973240175507
899973180176093
899972100186641
899971080196603
899971020197189
899970120205979
899970000207151
899969400213011
899969040216527
899968380222973
899967240234107
899963820267509
899963700268681
899963280272783
899963100274541
899981760092407
899980860101437
899980380106253
899978880121303
899978700123109
899978400126119
899978160128527
899977800132139
899977500135149
899977440135751
899976960140567
899976900141169
899976360146587
899976180148393
899976060149597
899975340156821
899975280157423
899974980160433
899974380166453
899974260167657
899973000180299
899972940180901
899971860191737
899970840201971
899970780202573
899969880211603
899969760212807
899969160218827
899968800222439
899968140229061
899967000240499
899963580274813
899963460276017
899963040280231
899962860282037
899980680103459
899980200108371
899978700123721
899978520125563
899978220128633
899977980131089
899977620134773
899977320137843
899977260138457
899976780143369
899976720143983
899976180149509
899976000151351
899975880152579
899975160159947
899975100160561
899974800163631
899974200169771
899974080170999
899972820183893
899972760184507
899971680195559
899970660205997
899970600206611
899969700215821
899969580217049
899968980223189
899968620226873
899967960233627
899966820245293
899963400280291
899963280281519
899962860285817
899962680287659
899979300118961
899977800135811
899977620137833
899977320141203
899977080143899
899976720147943
899976420151313
899976360151987
899975880157379
899975820158053
899975280164119
899975100166141
899974980167489
899974260175577
899974200176251
899973900179621
899973300186361
899973180187709
899971920201863
899971860202537
899970780214669
899969760226127
899969700226801
899968800236911
899968680238259
899968080244999
899967720249043
899967060256457
899965920269263
899962500307681
899962380309029
899961960313747
899961780315769
899977320142259
899977140144377
899976840147907
899976600150731
899976240154967
899975940158497
899975880159203
899975400164851
899975340165557
899974800171911
899974620174029
899974500175441
899973780183913
899973720184619
899973420188149
899972820195209
899972700196621
899971440211447
899971380212153
899970300224861
899969280236863
899969220237569
899968320248159
899968200249571
899967600256631
899967240260867
899966580268633
899965440282047
899962020322289
899961900323701
899961480328643
899961300330761
899975640164827
899975340168857
899975100172081
899974740176917
899974440180947
899974380181753
899973900188201
899973840189007
899973300196261
899973120198679
899973000200291
899972280209963
899972220210769
899971920214799
899971320222859
899971200224471
899969940241397
899969880242203
899968800256711
899967780270413
899967720271219
899966820283309
899966700284921
899966100292981
899965740297817
899965080306683
899963940321997
899960520367939
899960400369551
899959980375193
899959800377611
899975160171371
899974920174643
899974560179551
899974260183641
899974200184459
899973720191003
899973660191821
899973120199183
899972940201637
899972820203273
899972100213089
899972040213907
899971740217997
899971140226177
899971020227813
899969760244991
899969700245809
899968620260533
899967600274439
899967540275257
899966640287527
899966520289163
899965920297343
899965560302251
899964900311249
899963760326791
899960340373417
899960220375053
899959800380779
899959620383233
899974620178913
899974260183941
899973960188131
899973900188969
899973420195673
899973360196511
899972820204053
899972640206567
899972520208243
899971800218299
899971740219137
899971440223327
899970840231707
899970720233383
899969460250981
899969400251819
899968320266903
899967300281149
899967240281987
899966340294557
899966220296233
899965620304613
899965260309641
899964600318859
899963460334781
899960040382547
899959920384223
899959500390089
899959320392603
899974020187453
899973720191723
899973660192577
899973180199409
899973120200263
899972580207949
899972400210511
899972280212219
899971560222467
899971500223321
899971200227591
899970600236131
899970480237839
899969220255773
899969160256627
899968080271999
899967060286517
899967000287371
899966100300181
899965980301889
899965380310429
899965020315553
899964360324947
899963220341173
899959800389851
899959680391559
899959260397537
899959080400099
899973360197111
899973300197989
899972820205013
899972760205891
899972220213793
899972040216427
899971920218183
899971200228719
899971140229597
899970840233987
899970240242767
899970120244523
899968860262961
899968800263839
899967720279643
899966700294569
899966640295447
899965740308617
899965620310373
899965020319153
899964660324421
899964000334079
899962860350761
899959440400807
899959320402563
899958900408709
899958720411343
899973000202499
899972520209683
899972460210581
899971920218663
899971740221357
899971620223153
899970900233929
899970840234827
899970540239317
899969940248297
899969820250093
899968560268951
899968500269849
899967420286013
899966400301279
899966340302177
899965440315647
899965320317443
899964720326423
899964360331811
899963700341689
899962560358751
899959140409937
899959020411733
899958600418019
899958420420713
899972460210617
899972400211519
899971860219637
899971680222343
899971560224147
899970840234971
899970780235873
899970480240383
899969880249403
899969760251207
899968500270149
899968440271051
899967360287287
899966340302621
899966280303523
899965380317053
899965260318857
899964660327877
899964300333289
899963640343211
899962500360349
899959080411763
899958960413567
899958540419881
899958360422587
899971920219023
899971380227429
899971200230231
899971080232099
899970360243307
899970300244241
899970000248911
899969400258251
899969280260119
899968020279733
899967960280667
899966880297479
899965860313357
899965800314291
899964900328301
899964780330169
899964180339509
899963820345113
899963160355387
899962020373133
899958600426371
899958480428239
899958060434777
899957880437579
899971320228403
899971140231217
899971020233093
899970300244349
899970240245287
899969940249977
899969340259357
899969220261233
899967960280931
899967900281869
899966820298753
899965800314699
899965740315637
899964840329707
899964720331583
899964120340963
899963760346591
899963100356909
899961960374731
899958540428197
899958420430073
899958000436639
899957820439453
899970600240091
899970480242039
899969760253727
899969700254701
899969400259571
899968800269311
899968680271259
899967420291713
899967360292687
899966280310219
899965260326777
899965200327751
899964300342361
899964180344309
899963580354049
899963220359893
899962560370607
899961420389113
899958000444631
899957880446579
899957460453397
899957280456319
899970300245021
899969580256853
899969520257839
899969220262769
899968620272629
899968500274601
899967240295307
899967180296293
899966100314041
899965080330803
899965020331789
899964120346579
899964000348551
899963400358411
899963040364327
899962380375173
899961240393907
899957820450109
899957700452081
899957280458983
899957100461941
899969460258937
899969400259931
899969100264901
899968500274841
899968380276829
899967120297703
899967060298697
899965980316589
899964960333487
899964900334481
899964000349391
899963880351379
899963280361319
899962920367283
899962260378217
899961120397103
899957700453761
899957580455749
899957160462707
899956980465689
899968680272483
899968380277693
899967780288113
899967660290197
899966400312079
899966340313121
899965260331877
899964240349591
899964180350633
899963280366263
899963160368347
899962560378767
899962200385019
899961540396481
899960400416279
899956980475673
899956860477757
899956440485051
899956260488177
899968320278759
899967720289219
899967600291311
899966340313277
899966280314323
899965200333151
899964180350933
899964120351979
899963220367669
899963100369761
899962500380221
899962140386497
899961480398003
899960340417877
899956920477499
899956800479591
899956380486913
899956200490051
899967420294749
899967300296881
899966040319267
899965980320333
899964900339521
899963880357643
899963820358709
899962920374699
899962800376831
899962200387491
899961840393887
899961180405613
899960040425867
899956620486629
899956500488761
899956080496223
899955900499421
899966700308021
899965440331247
899965380332353
899964300352261
899963280371063
899963220372169
899962320388759
899962200390971
899961600402031
899961240408667
899960580420833
899959440441847
899956020504889
899955900507101
899955480514843
899955300518161
899965320333643
899965260334757
899964180354809
899963160373747
899963100374861
899962200391571
899962080393799
899961480404939
899961120411623
899960460423877
899959320445043
899955900508541
899955780510769
899955360518567
899955180521909
899964000359999
899962920381563
899961900401929
899961840403127
899960940421097
899960820423493
899960220435473
899959860442661
899959200455839
899958060478601
899954640546887
899954520549283
899954100557669
899953920561263
899962860382837
899961840403271
899961780404473
899960880422503
899960760424907
899960160436927
899959800444139
899959140457361
899958000480199
899954580548713
899954460551117
899954040559531
899953860563137
899960760427427
899960700428701
899959800447811
899959680450359
899959080463099
899958720470743
899958060484757
899956920508963
899953500581581
899953380584129
899952960593047
899952780596869
899959680451583
899958780471713
899958660474397
899958060487817
899957700495869
899957040510631
899955900536129
899952480612623
899952360615307
899951940624701
899951760628727
899958720473119
899958600475811
899958000489271
899957640497347
899956980512153
899955840537727
899952420614449
899952300617141
899951880626563
899951700630601
899957700497021
899957100511081
899956740519517
899956080534983
899954940561697
899951520641839
899951400644651
899950980654493
899950800658711
899956980513989
899956620522473
899955960538027
899954820564893
899951400645491
899951280648319
899950860658217
899950680662459
899956020537253
899955360553247
899954220580873
899950800663751
899950680666659
899950260676837
899950080681199
899955000562379
899953860590461
899950440674707
899950320677663
899949900688009
899949720692443
899953200608039
899949780694793
899949660697837
899949240708491
899949060713057
899948640729487
899948520732683
899948100743869
899947920748663
899945100837221
899944680850003
899944500855481
899944560853727
899944380859229
899943960872347
