10
1 2 3 4 5 4 3 2 1 10
19
1 2 3 2 1 2 3 4 3 2 1 5 4 1 2 3 2 2 1
5
1 2 3 4 5
19
1 2 3 7 8 2 3 4 3 2 1 5 4 1 2 3 2 2 1
1
1
1
5
22
1 2 3 2 8 9 10 2 3 4 3 2 1 5 4 1 2 3 6 2 2 1
7
1 4 2 3 2 4 1
4
1 3 6 5
20
13 7 5 7 6 7 2 7 3 20 9 9 15 20 9 10 12 12 4 13
20
9 18 16 12 6 16 1 13 15 20 4 8 6 20 6 4 19 7 2 1
20
18 2 1 12 14 2 13 5 13 16 17 14 6 12 5 3 19 17 15 6
20
17 18 13 14 10 10 17 8 9 10 20 18 12 20 2 5 1 14 1 6
20
10 9 19 7 13 15 9 11 12 3 16 8 12 20 1 1 10 10 8 10
20
19 7 7 2 19 8 18 11 2 18 16 3 7 6 1 19 1 9 1 4
20
3 17 11 14 16 3 15 17 4 14 18 3 13 5 16 11 4 14 13 17
20
11 9 11 9 6 11 19 18 11 20 1 13 8 3 7 3 18 1 12 1
20
6 1 15 18 5 11 20 1 4 13 17 6 13 20 7 18 2 5 8 13
20
4 8 5 3 3 11 18 20 3 9 20 1 9 15 18 6 17 18 18 12
20
2 6 17 14 5 15 3 7 20 10 19 15 10 15 18 12 6 15 3 20
20
15 14 20 15 8 10 20 16 7 17 7 8 15 4 13 19 18 15 17 9
20
17 15 16 6 10 13 9 7 19 3 6 13 16 18 7 16 7 19 11 5
20
7 18 4 1 13 16 12 2 2 8 11 18 15 6 15 4 10 15 2 8
20
17 19 12 13 16 10 8 14 20 10 18 7 7 1 19 19 8 10 13 10
20
10 3 7 4 20 2 19 9 8 20 8 5 10 11 9 18 20 8 11 20
20
17 1 18 4 1 8 14 1 10 6 10 19 20 8 14 11 1 12 11 9
20
3 18 13 4 8 1 1 20 8 12 11 4 4 20 19 4 7 5 4 8
20
2 5 6 14 13 11 4 13 14 15 1 8 4 5 12 4 5 12 3 4
20
15 5 8 18 4 18 14 2 14 9 10 16 14 7 1 18 18 4 10 3