1
2
10
11
12
20
100
101
102
110
111
112
120
200
1000
1001
1002
1010
1011
1012
1020
1100
1101
1102
1110
1111
1112
1120
1200
2000
10000
10001
10002
10010
10011
10012
10020
10100
10101
10102
10110
10111
10112
10120
10200
11000
11001
11002
11010
11011
11012
11020
11100
11101
11102
11110
11111
11112
11120
11200
12000
20000
100000
100001
100002
100010
100011
100012
100020
100100
100101
100102
100110
100111
100112
100120
100200
101000
101001
101002
101010
101011
101012
101020
101100
101101
101102
101110
101111
101112
101120
101200
102000
110000
110001
110002
110010
110011
110012
110020
110100
110101
110102
110110
110111
110112
110120
110200
111000
111001
111002
111010
111011
111012
111020
111100
111101
111102
111110
111111
111112
111120
111200
112000
120000
200000
1000000
100000000000000000000000000002
100000000000000000000000000200
100000000000000000000000200000
100000000000000000002000000000
100000000000000200000000000000
100000002000000000000000000000
101010101010101010101010101010
110110110110110110110110110110
111011101110111011101110111011
111101111011110111101111011110
111110111110111110111110111110
111111011111101111110111111011
111111101111111011111110111111
111111110111111110111111110111
111111111011111111101111111110
111111111101111111111011111111
111111111110111111111110111111
111111111111011111111111101111
111111111111101111111111111011
111111111111110111111111111110
111111111111111011111111111111
111111111111111111111111111011
111111111111111111110111111111
111111111111110111111111111111
111111111011111111111111111111
111110111111111111111111111111
110111111111111111111111111111
101111111111111111111111111111
111111111111111111111111111110
111111111111111111111111111111
111111111111111111111111111112
120000000000000000000000000000
0
