10
384
886 777 915 793 335 386 492 649 421 362 27 690 59 763 926 540 426 172 736 211 368 567 429 782 530 862 123 67 135 929 802 22 58 69 167 393 456 11 42 229 373 421 919 784 537 198 324 315 370 413 526 91 980 956 873 862 170 996 281 305 925 84 327 336 505 846 729 313 857 124 895 582 545 814 367 434 364 43 750 87 808 276 178 788 584 403 651 754 399 932 60 676 368 739 12 226 586 94 539 795 570 434 378 467 601 97 902 317 492 652 756 301 280 286 441 865 689 444 619 440 729 31 117 97 771 481 675 709 927 567 856 497 353 586 965 306 683 219 624 528 871 732 829 503 19 270 368 708 715 340 149 796 723 618 245 846 451 921 555 379 488 764 228 841 350 193 500 34 764 124 914 987 856 743 491 227 365 859 936 432 551 437 228 275 407 474 121 858 395 29 237 235 793 818 428 143 11 928 529 776 404 443 763 613 538 606 840 904 818 128 688 369 917 917 996 324 743 470 183 490 499 772 725 644 590 505 139 954 786 669 82 542 464 197 507 355 804 348 611 622 828 299 343 746 568 340 422 311 810 605 801 661 730 878 305 320 736 444 626 522 465 708 416 282 258 924 637 62 624 600 36 452 899 379 550 468 71 973 131 881 930 933 894 660 163 199 981 899 996 959 773 813 668 190 95 926 466 84 340 90 684 376 542 936 107 445 756 179 418 887 412 348 172 659 9 336 210 342 587 206 301 713 372 321 255 819 599 721 904 939 811 940 667 705 228 127 150 984 658 920 224 422 269 396 81 630 84 292 972 672 850 625 385 222 299 640 42 898 713 298 190 524 590 209 581 819 336 732 155 994 4 379 769 273 776 850 255 860 142 579 884 993 205 621
972 872 979 942 565 763 856 798 441 953 996 945 559 872 989 629 800 465 821 761 651 943 844 856 619 974 320 927 684 987 953 456 365 359 483 545 711 231 900 892 513 735 978 908 776 424 813 577 596 659 693 414 989 986 998 909 911 999 296 431 955 313 731 547 979 887 731 799 963 252 999 902 628 863 590 887 874 670 789 256 856 444 829 812 757 905 741 869 985 966 85 778 686 913 880 800 597 531 815 1000 700 448 741 930 700 448 915 446 987 683 801 803 530 577 476 892 849 917 728 544 811 689 889 887 888 901 718 781 936 969 915 606 419 877 974 396 790 319 803 605 953 983 857 956 814 809 370 875 726 568 292 884 837 696 909 1000 831 957 737 737 748 909 435 947 980 256 970 584 811 376 926 996 962 975 815 261 517 960 957 537 843 890 369 775 991 758 606 980 514 994 747 639 961 928 806 855 791 960 812 830 611 609 785 875 720 803 999 946 889 883 754 880 941 971 999 367 845 658 339 820 780 855 745 670 988 737 876 993 929 866 720 738 636 704 817 630 832 360 918 830 894 505 982 953 631 439 952 679 877 992 940 866 920 941 925 499 861 815 856 621 513 725 828 320 458 945 854 947 700 608 928 922 904 953 662 484 732 994 538 950 996 983 902 905 896 862 989 978 1000 984 808 892 953 554 839 952 909 575 843 428 707 590 893 951 419 662 922 294 755 964 590 532 550 743 220 857 670 571 936 831 664 921 516 729 942 920 907 864 961 977 990 991 902 718 657 805 906 987 793 971 953 944 355 522 768 700 498 689 984 958 951 869 634 636 409 956 108 948 879 642 337 684 718 720 996 907 601 877 701 995 299 677 788 741 949 930 432 951 301 581 928 997 486 782
73
398 830 63 347 950 30 573 714 59 522 47 924 82 435 232 204 954 443 898 486 640 278 159 262 262 683 41 848 723 324 272 122 154 335 821 457 365 747 171 776 269 218 701 703 653 933 907 959 728 806 797 720 84 308 334 698 991 376 898 715 52 171 189 559 506 10 16 224 109 539 0 378 109
578 902 612 617 990 717 891 972 571 896 994 941 685 807 332 915 988 882 945 763 932 782 989 721 796 919 876 889 960 827 758 832 796 867 860 495 733 841 783 866 442 373 715 972 981 979 910 987 840 983 935 804 825 327 628 848 998 581 925 857 791 204 927 872 686 126 879 406 207 705 584 953 600
117
820 892 525 528 839 525 490 136 360 618 643 337 928 582 621 310 955 888 225 815 570 437 853 8 722 783 350 657 97 827 126 269 71 651 149 910 528 639 398 888 610 393 577 890 976 199 552 931 87 777 99 657 566 952 17 641 735 368 298 184 195 776 805 266 428 954 528 308 593 278 197 555 672 774 445 0 325 997 283 412 127 382 421 693 334 439 334 421 159 985 957 354 761 762 972 541 716 852 850 662 482 399 217 154 173 15 506 851 364 790 263 491 172 37 537 859 828
992 901 663 889 856 992 941 497 506 774 712 540 970 996 657 913 961 947 789 933 895 690 933 915 975 791 530 912 178 857 232 882 137 887 865 911 762 963 636 947 917 853 889 990 978 246 769 990 912 869 996 711 916 954 395 978 939 976 532 802 359 919 920 414 688 958 605 645 677 452 846 567 724 941 808 141 896 998 889 967 804 861 505 824 584 540 351 931 762 995 968 381 844 971 1000 965 916 872 884 768 907 703 963 782 980 117 800 982 421 820 474 921 900 643 745 997 943
217
183 377 487 472 573 957 62 125 933 797 496 418 141 153 726 474 980 393 485 948 305 30 29 559 898 160 562 424 719 280 641 902 10 480 726 583 789 140 708 723 938 557 493 431 710 220 905 690 613 391 638 270 421 667 829 671 180 743 95 899 24 88 154 386 569 232 969 710 373 30 433 663 587 279 94 649 499 351 339 464 742 330 86 515 349 915 186 881 11 634 133 387 722 287 773 643 519 742 354 244 124 139 259 63 418 353 712 269 705 404 733 799 734 819 315 435 87 853 669 450 487 802 837 562 89 610 205 960 704 911 557 829 403 816 892 821 522 605 443 579 361 528 378 447 700 45 882 787 899 551 589 386 353 426 948 794 36 506 107 92 417 664 921 820 480 166 994 354 123 437 933 484 317 312 931 17 709 165 156 608 69 745 995 422 171 295 569 559 801 676 652 571 340 925 743 172 91 89 527 566 878 812 50 196 124 333 213 186 499 370 794 568 115 141 342 639 437
945 722 577 844 854 961 70 254 939 826 940 637 587 594 736 908 981 905 768 987 435 339 500 651 931 686 923 911 917 472 692 964 192 666 951 669 953 875 953 950 969 681 687 513 978 840 996 811 713 454 761 740 736 771 973 930 299 856 137 979 995 473 485 549 606 956 992 793 499 907 711 722 825 391 877 730 784 629 470 884 850 772 535 840 948 971 277 934 350 776 818 694 878 461 887 898 770 918 920 313 320 302 730 163 420 359 769 600 825 532 744 955 875 849 586 919 293 934 989 664 800 964 975 930 424 753 752 979 826 933 651 996 590 990 945 836 675 947 840 642 740 990 881 824 998 613 926 819 991 574 921 718 545 972 959 869 480 792 661 329 521 684 946 876 681 176 995 620 771 631 975 933 907 910 979 894 806 792 815 690 431 826 997 523 584 953 955 858 847 869 982 972 516 971 826 573 929 499 775 667 935 923 737 674 992 673 883 410 649 736 811 921 951 482 483 811 889
795
499 134 546 908 853 62 303 686 842 432 534 807 810 834 869 596 815 984 696 324 382 465 451 716 361 343 37 187 861 602 981 360 88 879 620 941 293 924 628 135 708 162 942 870 996 163 466 811 500 515 487 234 332 290 950 693 633 339 880 494 293 213 854 382 444 475 323 738 751 951 873 811 465 168 681 813 683 499 977 535 14 464 769 346 107 72 391 740 411 623 587 57 836 793 439 281 620 114 371 371 418 596 534 883 764 567 697 800 67 674 335 433 490 457 132 949 529 523 690 292 147 629 349 335 422 140 968 43 255 339 766 25 936 653 260 52 220 957 204 287 983 540 721 826 997 205 127 878 728 169 170 227 798 520 563 221 660 883 616 267 223 382 292 511 35 553 563 608 862 768 895 198 660 968 376 9 173 503 887 254 673 57 481 823 929 396 44 942 280 12 209 855 747 854 366 134 759 281 742 973 401 638 171 413 958 899 422 484 755 661 90 780 71 923 603 0 320 0 942 952 12 504 807 759 358 525 894 117 158 636 90 560 626 614 973 937 865 748 421 620 409 863 400 832 786 4 833 458 356 127 410 368 631 569 128 341 446 374 458 605 10 901 165 989 867 490 926 732 238 699 705 0 562 457 832 348 461 17 807 169 497 569 538 128 139 18 470 585 392 280 542 754 533 707 743 400 550 21 485 788 720 190 140 634 647 325 983 461 694 142 630 191 63 520 320 554 538 142 492 930 422 34 685 308 94 780 708 644 802 545 784 522 87 925 157 735 602 492 548 296 986 530 840 49 51 512 956 589 654 448 872 428 482 557 88 576 337 797 220 139 694 5 14 782 282 523 869 236 15 417 884 353 299 724 754 350 236 710 292 242 158 164 23 641 721 111 569 410 260 790 902 955 147 916 89 781 439 958 17 806 375 901 511 674 978 265 377 566 976 669 161 134 833 536 127 906 999 697 316 260 839 570 567 986 486 8 767 277 966 136 435 693 37 946 719 367 212 96 934 540 117 95 674 950 631 802 208 630 851 525 242 690 447 161 676 934 169 795 563 135 931 351 180 320 297 900 688 861 996 974 401 114 69 428 416 52 582 625 682 433 502 277 123 949 790 151 235 960 946 799 447 229 502 628 549 799 528 589 13 876 563 766 990 984 194 759 36 776 384 71 209 238 700 684 539 490 835 775 450 781 926 250 362 428 878 264 579 758 853 944 634 769 711 977 105 257 736 142 34 472 565 595 710 265 632 249 107 467 376 558 601 302 160 963 82 38 227 14 796 433 958 430 554 669 407 659 927 495 801 313 967 718 260 29 335 892 631 443 712 7 353 313 662 513 628 96 551 856 110 699 641 69 481 195 90 889 854 369 736 8 682 704 726 295 733 414 187 364 857 251 724 210 564 738 723 193 834 626 401 945 325 394 366 806 589 456 47 795 826 784 803 860 840 882 155 573 648 695 290 505 946 366 67 863 104 790 408 290 768 161 235 93 555 601 251 144 410 651 291 588 435 447 448 275 681 956 200 329 651 842 834 949 560 901 164 664 43 572 955 811 733 542 256 640 496 859 136 258 510 428 846 297 875 294 924 556 250 125 885 253 319 71 555 880 324 719 896 367 644 203 530 729 746 786 370 594 645 858 852 508 286 698 805 513 344 730 421 947 207 658 200 878 729 107 758 53 179 7 772 175 210 302 904 308 440 626 902 86 485 106 946 123 804 751 637 501 833 410 448 392 69 0 271 150 108 381 556 287 388 328 462 951 983 718 259 423 345 514 861 182 972 807 657 129 911 294 630 744 57 78 137 126 78 760 628
637 806 781 914 931 500 478 780 903 943 815 953 996 975 997 910 894 997 711 573 448 759 578 997 838 578 158 363 963 884 990 458 203 977 935 983 642 979 650 594 905 275 988 980 997 187 913 936 764 777 596 879 336 666 971 708 852 517 970 861 412 722 884 454 524 909 484 742 898 999 968 953 576 713 910 842 830 786 992 590 784 927 861 395 744 764 995 842 434 800 967 706 844 824 505 546 695 470 921 462 747 971 682 939 800 652 835 915 679 921 661 507 887 777 316 980 838 745 733 831 731 631 961 940 665 464 992 807 281 867 944 767 982 940 825 705 889 984 799 358 997 563 884 847 998 842 617 949 867 880 825 265 853 582 813 657 725 982 695 269 890 816 660 803 898 582 798 855 1000 897 926 782 927 972 660 319 555 545 905 728 878 199 946 887 979 559 489 976 433 547 768 973 950 998 524 350 865 846 972 993 824 832 559 584 965 965 891 611 861 879 474 877 594 941 973 425 571 449 979 987 759 829 946 891 626 843 966 836 166 738 289 855 799 803 1000 962 905 991 765 792 786 971 789 890 869 73 998 847 922 561 724 500 810 887 964 906 895 970 615 657 265 955 417 996 912 917 994 788 917 801 880 227 890 788 973 656 900 19 1000 933 663 843 837 247 942 280 822 688 795 573 991 815 596 729 791 750 649 764 574 849 790 668 463 851 994 809 995 667 707 190 927 452 877 535 459 741 847 741 760 967 611 860 736 983 742 821 744 784 947 905 948 568 784 988 497 928 907 564 593 785 991 647 870 977 417 832 980 998 776 795 876 996 834 608 255 683 592 922 374 923 704 429 747 896 551 738 951 919 944 598 991 516 426 732 971 531 808 783 366 579 579 254 987 988 845 701 588 965 284 817 982 993 418 940 197 960 633 996 529 839 880 975 876 774 979 538 898 988 989 723 422 376 999 997 906 975 1000 712 697 850 909 982 760 995 843 521 813 923 984 340 967 961 276 957 995 768 554 240 987 798 844 469 757 962 848 984 250 635 987 987 250 995 995 755 803 973 921 900 780 715 991 918 618 903 822 905 867 892 1000 989 864 171 156 549 768 383 641 864 839 718 638 714 704 964 895 269 882 961 968 838 548 337 890 687 861 922 663 912 170 911 820 930 997 999 920 771 274 852 822 592 289 463 786 777 907 920 985 887 603 848 985 677 889 516 975 384 911 892 900 962 944 835 930 992 591 495 911 959 126 532 599 598 968 700 758 258 483 885 987 745 686 506 952 982 339 654 957 967 887 833 970 942 945 870 937 889 958 541 968 784 976 884 504 542 375 990 943 754 867 631 374 547 717 724 940 173 797 948 470 774 987 608 902 881 273 938 892 872 949 815 952 925 792 303 894 974 676 598 866 912 933 328 874 821 875 846 989 717 785 947 697 985 919 951 690 897 879 809 984 843 941 893 975 896 185 809 795 774 381 550 973 741 669 944 359 985 798 505 844 328 592 780 748 846 382 682 461 934 767 732 469 641 808 818 684 994 236 467 689 936 953 985 624 927 749 982 387 691 988 822 747 971 393 771 849 870 845 629 628 523 950 705 991 313 989 666 892 251 897 626 619 530 700 919 557 869 973 904 740 833 678 934 847 977 811 941 745 923 939 580 322 942 980 620 692 830 504 989 290 995 718 892 795 726 937 347 610 453 887 405 487 512 953 643 730 823 933 104 905 123 996 754 912 865 917 962 922 599 751 812 379 309 543 218 635 665 942 390 774 396 922 990 985 816 796 426 678 696 922 405 984 889 710 956 926 737 825 972 607 517 460 516 409 893 857
129
897 765 197 130 472 172 529 661 403 418 131 283 377 656 591 944 69 852 370 551 828 26 123 784 72 530 975 779 94 484 259 991 249 809 473 74 981 2 735 737 772 866 20 501 874 611 445 943 815 167 847 643 193 322 780 617 204 107 396 298 591 8 289 193 817 762 267 150 116 354 887 240 572 259 741 446 223 538 742 38 705 589 682 250 263 814 867 467 921 616 765 865 624 406 58 441 520 325 591 988 679 831 228 251 90 969 697 313 859 791 352 916 732 386 166 995 200 385 814 473 1 579 338 977 337 396 418 857 73
993 881 546 954 938 500 676 769 611 820 926 896 695 834 675 968 610 921 912 808 892 213 178 871 740 609 986 928 273 638 984 998 495 890 673 481 986 28 975 739 843 909 335 604 901 768 810 966 845 209 912 782 464 880 810 803 374 793 841 836 613 386 636 387 869 808 569 980 291 672 901 945 899 358 748 625 775 780 788 64 829 808 869 691 747 855 999 497 943 961 982 879 786 704 965 817 672 753 596 990 691 911 407 589 476 988 894 762 930 999 457 970 923 683 894 999 995 666 860 579 708 869 921 980 989 768 793 880 532
848
392 18 900 222 543 825 4 983 950 447 501 878 908 387 304 162 62 651 32 351 347 902 366 743 326 50 958 298 837 950 498 229 969 398 804 512 576 808 847 878 255 349 108 163 736 764 677 151 415 709 854 114 612 220 210 290 270 168 941 107 471 439 689 440 189 493 304 117 653 151 347 908 852 455 423 941 572 101 92 339 162 946 454 126 519 16 769 789 184 710 249 655 501 290 447 42 783 103 512 788 607 211 696 811 19 471 752 591 924 196 930 87 143 736 565 662 752 334 803 289 396 404 296 897 694 96 292 829 199 156 617 158 367 665 322 386 137 74 977 61 271 908 500 766 996 66 780 749 400 935 38 797 340 334 46 386 430 690 216 982 846 185 492 214 851 814 952 340 241 930 753 864 190 254 630 186 672 762 287 72 697 325 221 389 660 620 776 442 310 992 424 509 529 269 75 380 83 27 720 324 309 474 188 499 80 170 38 752 932 325 176 982 651 398 371 663 370 147 457 32 491 234 541 21 503 616 753 938 996 826 263 305 652 803 157 732 326 195 836 258 520 12 592 523 762 964 538 132 463 348 165 307 582 58 328 437 27 433 375 23 259 990 328 911 146 485 995 472 32 831 82 905 196 675 428 958 639 319 443 454 667 960 761 601 370 441 38 397 875 413 420 486 756 101 398 902 938 745 374 323 929 456 228 125 131 8 435 122 679 230 577 346 190 690 947 913 132 337 310 7 751 83 493 507 536 243 409 826 989 135 149 918 591 377 395 723 738 830 197 417 413 774 116 955 465 415 868 949 753 179 956 856 614 801 715 150 397 476 976 738 611 126 8 202 855 403 277 593 585 475 11 998 601 127 306 418 542 174 367 647 353 323 503 967 477 218 469 226 694 446 964 305 924 972 860 779 727 137 725 664 964 736 15 566 215 321 984 109 495 352 757 201 27 260 520 856 831 990 82 525 788 46 183 712 370 43 491 449 532 216 466 497 304 481 63 871 154 399 981 1 751 90 202 131 702 75 987 533 65 70 411 205 468 946 917 191 989 760 992 873 329 458 370 633 291 785 857 797 537 190 799 288 280 353 771 334 428 759 220 845 181 983 50 1 929 319 192 270 80 537 143 409 347 866 394 639 3 603 788 540 793 587 181 425 941 952 112 721 63 332 567 244 315 969 246 244 289 790 514 721 327 9 130 675 875 876 666 231 480 454 771 625 42 304 403 335 257 515 56 672 847 975 917 514 945 163 758 586 953 624 307 281 633 789 308 861 17 974 92 849 428 215 475 822 872 230 157 481 745 566 153 592 541 70 458 838 585 216 424 539 192 83 172 177 872 832 38 242 806 482 91 586 50 918 409 922 148 918 755 245 484 908 189 378 979 647 216 564 215 993 455 407 76 979 585 301 811 975 895 969 810 986 556 212 257 317 486 757 235 241 3 72 149 192 450 480 840 18 397 55 11 204 815 440 184 400 93 347 727 988 317 537 974 873 101 583 190 587 341 777 828 696 201 330 888 3 810 80 22 559 136 385 764 303 177 300 55 270 647 782 258 964 672 585 837 773 168 379 361 861 509 189 557 710 519 446 66 682 878 88 241 366 825 357 669 3 657 724 625 305 507 884 269 531 469 459 304 989 190 665 851 51 207 408 762 78 206 828 760 85 268 354 451 445 711 121 800 369 845 426 26 704 662 295 235 131 106 540 120 649 557 323 700 116 732 814 195 290 642 307 375 262 13 179 60 77 300 860 446 497 638 824 554 300 471 789 431 578 681 904 579 591 227 279 707 311 94 254 602 88 914 329 703 279 508 763 356 160 975 154 10 614 978 564 914 450 353 698 380 387 954 959 978 533 238 37 845 684 644 799 773 558 128 828 837 989 591 546 149 918 700 159 532 679 723 799 129 429 497 509 816 803 820 146 336 58 183 533
888 276 933 993 920 864 517 992 953 934 900 892 970 750 784 973 79 874 266 881 391 997 697 998 650 167 988 930 996 970 684 664 1000 774 965 551 989 925 868 901 647 563 787 291 988 982 743 449 519 848 868 964 670 365 493 499 273 521 973 228 922 916 934 630 752 638 572 354 749 308 475 931 991 755 888 981 605 752 895 953 320 998 886 749 896 550 887 926 430 906 957 962 560 658 675 689 908 966 830 877 773 283 811 840 900 757 881 820 964 567 952 595 400 839 759 756 956 906 895 954 833 414 696 900 817 508 848 830 958 437 860 510 419 863 894 397 685 675 992 984 959 917 990 967 999 511 981 829 592 982 637 841 657 779 985 899 734 708 538 985 983 442 504 330 866 934 966 620 438 949 878 984 259 767 757 311 743 913 665 270 884 679 433 856 907 631 817 681 708 994 753 841 850 373 510 574 585 901 745 741 599 740 688 666 892 926 689 810 956 629 327 998 801 861 402 752 449 386 709 304 789 596 635 296 635 851 881 941 997 941 791 821 694 923 690 809 872 577 978 592 672 608 681 990 904 984 667 842 966 872 728 571 606 413 558 518 936 656 415 435 933 998 427 974 302 689 997 554 589 948 249 913 767 841 461 963 995 342 691 480 911 973 927 741 545 656 39 813 916 522 456 947 891 382 917 923 997 758 598 904 960 522 956 770 838 12 981 341 680 706 869 388 691 767 996 959 614 771 950 746 850 716 710 649 986 993 543 934 995 317 975 942 597 724 682 953 844 884 389 647 447 875 844 979 718 837 976 963 948 936 973 860 743 851 958 634 721 760 991 902 868 642 973 203 900 415 632 966 867 779 823 999 716 570 514 571 678 490 933 887 629 814 721 998 596 279 794 312 991 557 981 534 962 989 960 819 781 674 909 863 986 846 95 669 658 947 991 613 842 547 770 556 395 684 917 865 930 995 606 778 799 152 499 836 777 810 542 983 704 853 843 992 922 996 437 970 752 822 991 291 788 492 459 235 835 631 991 932 137 192 482 284 893 974 953 489 993 762 996 895 490 660 371 857 507 942 879 910 973 997 829 844 950 456 876 882 696 851 958 977 318 992 452 38 939 822 249 960 657 960 964 605 767 953 900 999 790 802 875 847 896 660 771 516 998 967 271 961 91 600 886 456 594 989 385 679 988 887 900 974 471 761 297 986 995 964 680 997 786 496 823 697 198 919 483 794 492 781 255 969 868 988 937 778 958 715 910 620 974 639 519 737 687 967 911 942 376 984 933 943 507 810 811 929 925 730 224 535 755 785 219 953 676 241 732 882 844 297 463 895 815 358 750 908 883 856 458 469 833 632 504 677 146 984 418 994 797 933 996 872 809 959 859 858 987 884 727 734 314 1000 749 680 770 994 949 311 933 998 955 972 920 988 720 971 679 770 732 905 248 599 151 882 304 289 556 827 876 466 961 482 996 445 957 622 951 572 152 760 827 991 507 669 990 916 735 630 720 969 435 860 851 879 638 806 991 391 865 307 648 830 634 823 973 703 550 943 225 786 954 913 671 991 934 615 966 852 348 701 520 901 733 813 672 928 624 604 957 900 922 490 930 957 972 992 882 568 865 804 655 574 868 947 695 651 812 990 687 997 712 757 918 805 509 776 819 402 417 874 836 500 447 359 982 833 813 526 847 900 880 925 855 976 942 967 889 248 128 597 409 799 841 625 731 307 796 975 601 895 734 424 866 719 516 563 1000 757 932 938 917 584 828 940 884 789 990 903 491 595 748 915 689 745 792 353 717 389 822 464 913 668 970 380 989 882 931 834 549 878 999 277 731 639 982 566 984 769 733 721 898 601 957 971 981 767 986 767 924 737 901 889 999 707 934 869 857 990 649 559 209 992 842 286 739 886 789 900 345 996 656 794 849 959 939 213 866 988 800 828
968
70 841 527 506 486 743 876 445 276 879 706 885 672 677 727 474 286 594 347 953 432 977 137 130 247 789 515 570 287 205 538 709 398 417 215 884 512 91 681 140 322 740 26 346 417 105 821 55 700 168 9 484 498 498 614 745 288 481 316 927 38 206 636 788 975 203 24 487 646 57 628 969 797 654 667 567 111 488 622 811 9 983 647 507 482 613 604 122 94 920 401 484 478 37 272 453 592 296 941 238 354 921 559 151 927 227 70 38 67 693 202 428 28 849 935 510 815 892 984 909 164 385 746 643 774 18 448 366 315 741 957 21 662 868 524 941 95 595 980 515 640 182 943 668 383 231 531 198 123 867 460 639 253 206 282 27 224 731 746 891 824 703 264 487 923 789 428 371 736 760 886 376 942 181 396 678 764 279 876 239 147 336 879 752 894 161 131 119 244 877 362 69 932 627 908 856 768 688 227 504 449 465 232 743 646 980 773 411 260 650 650 759 338 529 511 233 43 994 704 639 224 418 60 156 397 968 364 165 9 943 669 458 760 901 553 759 234 327 522 846 329 524 605 19 54 468 604 449 462 660 440 686 79 501 195 476 469 911 642 830 207 663 640 967 917 194 78 151 873 600 997 202 125 602 573 531 422 178 980 236 838 420 923 917 921 470 746 743 733 740 925 940 403 566 260 320 112 338 823 985 939 820 539 416 774 112 947 196 290 927 785 481 699 60 750 973 530 496 68 615 236 993 556 992 911 168 664 23 858 488 8 149 308 899 565 435 364 512 983 654 791 768 487 843 828 238 816 710 734 236 326 323 581 234 315 493 402 979 516 260 467 877 762 128 776 327 563 140 840 898 147 631 667 634 474 495 224 642 558 959 230 884 634 812 118 949 657 872 280 173 484 100 402 246 580 531 574 495 23 766 393 522 397 60 157 224 908 381 218 466 692 449 702 326 613 172 627 270 44 260 795 528 360 550 127 940 81 53 787 104 819 180 627 568 593 136 144 853 869 363 671 914 164 373 592 129 545 220 751 941 480 898 821 192 448 948 484 529 1 271 986 172 803 965 741 396 453 885 249 674 600 272 588 764 645 181 893 542 753 996 483 585 895 657 777 343 605 261 225 959 884 563 131 687 528 224 436 333 110 37 7 710 310 596 827 307 129 72 202 234 69 37 819 964 694 948 307 652 561 532 611 445 95 94 484 975 319 920 308 429 958 668 491 620 264 318 927 745 391 129 979 812 167 150 776 861 98 83 865 659 968 476 104 415 923 940 743 242 861 403 23 819 71 866 439 687 185 718 432 928 848 763 740 367 913 868 580 363 303 446 22 271 274 478 39 197 419 782 439 632 537 814 451 609 681 242 296 218 312 81 498 512 844 590 879 110 458 812 825 113 610 848 385 884 678 776 82 449 910 873 81 447 40 884 56 73 478 353 291 791 786 141 303 982 731 535 444 541 347 270 654 957 470 391 193 148 519 275 598 429 501 679 877 893 916 285 966 394 990 257 185 776 750 489 759 833 376 203 726 723 473 732 32 943 124 225 444 643 853 394 425 706 425 654 599 341 939 565 736 930 174 921 58 924 762 169 109 138 373 835 213 198 567 245 494 43 823 290 687 28 684 464 734 109 118 685 451 57 602 187 339 776 460 398 52 223 919 161 361 292 348 575 843 915 172 689 959 347 979 998 375 15 462 461 124 932 146 927 989 748 466 681 876 927 431 280 150 350 793 863 995 141 790 190 409 315 879 368 662 210 718 390 225 180 851 701 112 998 981 453 98 447 486 327 374 917 607 876 620 401 92 615 894 882 805 303 549 36 23 212 598 741 602 175 273 805 228 737 803 209 191 254 657 677 581 383 947 540 260 567 293 352 534 540 586 691 843 136 727 867 700 325 960 654 852 234 459 80 971 615 290 514 221 299 544 154 682 491 694 942 410 340 646 944 880 585 635 75 73 714 942 773 391 255 427 243 489 238 323 460 853 965 327 426 264 871 580 947 362 275 241 772 967 240 68 847 825 703 922 898 769 217 23 160 472 802 755 313 40 78 125 246 396 452 672 660 323 253 607 37 880 201 161 847 441 229 46 266 284 320 516 53 889 539 565 713 341 320 26 381 751 504 979 147 956 652 807 632 257 767 669 489 968 831 336 409 60 734 27 697 54 543 750 944 82 668 657 423 988 36 156 91 540 136 238 496 140 398
79 867 531 815 789 942 958 677 387 933 947 937 931 694 928 798 963 881 414 973 738 988 634 590 958 799 726 892 389 413 938 755 617 631 528 925 532 427 892 306 964 891 519 937 692 390 894 922 913 955 431 566 890 598 714 977 732 625 893 958 691 872 770 837 984 788 406 612 783 259 790 996 915 934 749 814 468 515 839 955 771 993 917 778 650 845 749 970 104 925 530 858 739 149 543 552 979 700 997 761 773 986 992 505 963 319 284 167 191 907 597 489 325 938 974 790 816 897 987 915 426 829 817 974 902 757 470 976 998 918 976 529 690 942 951 998 412 989 992 726 853 312 951 949 865 733 957 912 621 921 611 657 866 966 985 769 882 804 791 916 890 924 540 672 986 884 702 377 792 905 913 588 961 351 532 883 830 934 884 733 194 619 935 809 902 597 797 715 824 996 516 298 973 866 928 924 843 794 978 658 904 592 454 860 893 981 831 907 874 798 884 781 696 937 942 865 74 999 843 815 363 927 84 283 527 999 374 703 29 974 991 904 945 930 975 851 430 592 975 996 481 751 958 106 607 549 893 473 992 871 661 788 624 947 239 708 834 996 746 852 217 998 719 984 1000 752 254 836 937 755 998 211 226 893 585 622 978 551 995 703 979 696 977 963 986 924 919 846 940 872 936 961 899 571 746 928 648 885 876 992 943 919 757 951 874 703 977 837 883 952 804 736 761 276 931 993 542 651 264 691 482 996 619 995 926 428 787 226 880 686 850 533 861 952 878 765 877 724 991 768 888 874 672 922 929 595 875 896 873 982 490 682 614 834 660 657 661 983 550 683 647 884 799 736 969 483 602 298 896 964 984 934 847 725 836 970 531 777 831 994 642 981 666 959 634 959 963 995 434 555 509 914 418 921 697 801 717 987 559 903 834 730 638 392 876 884 971 454 926 577 858 868 785 661 821 529 969 621 99 422 805 611 595 766 948 992 971 136 987 627 823 671 660 755 959 577 294 991 973 486 893 951 679 877 617 909 677 289 991 946 843 928 990 629 987 975 868 574 484 306 998 348 829 966 868 582 814 886 753 942 941 414 590 1000 965 195 919 861 760 998 524 763 952 934 822 939 731 702 809 998 990 977 765 691 747 302 864 990 547 881 235 957 432 827 831 540 284 424 693 969 856 901 918 972 715 971 497 674 860 582 830 944 597 193 566 981 478 973 782 626 985 883 715 710 754 512 959 987 997 790 998 825 575 938 864 939 102 395 978 899 994 780 303 480 946 964 838 979 866 780 517 863 153 983 521 827 651 765 986 975 927 998 755 460 941 899 868 449 315 517 605 636 802 955 93 877 675 928 861 933 598 976 981 909 818 645 693 833 949 331 848 868 922 950 967 183 478 915 903 258 704 878 659 983 825 854 500 780 959 940 973 623 522 963 273 818 544 790 860 831 843 561 651 1000 880 851 711 816 854 866 674 958 897 765 435 845 599 773 795 901 662 730 941 964 944 301 978 457 999 275 396 909 960 894 763 994 514 444 748 983 883 823 893 948 566 653 738 967 976 807 463 870 920 844 929 998 946 845 740 993 277 939 477 988 852 623 971 273 624 858 610 283 994 410 662 966 864 753 805 484 751 465 885 785 478 941 801 93 645 251 524 861 568 485 133 941 944 409 999 643 944 848 964 954 792 867 963 664 986 999 954 99 761 858 784 958 580 980 994 926 840 906 979 971 778 347 279 658 935 963 996 515 968 402 800 367 988 782 799 423 746 913 701 818 983 923 735 999 982 494 826 899 686 758 467 994 900 930 662 402 917 933 915 998 951 814 818 268 210 951 796 935 887 195 287 888 849 812 861 694 346 748 968 704 811 524 998 565 315 764 304 787 772 837 962 885 933 314 853 938 988 598 962 865 945 707 899 365 1000 931 490 879 850 392 804 689 841 804 805 991 962 453 987 985 989 862 974 161 806 927 976 844 929 261 743 588 490 497 493 860 892 974 999 850 284 879 909 970 891 754 587 926 979 416 147 917 889 978 941 989 792 841 402 783 530 873 773 730 806 149 536 357 793 941 679 1000 771 766 830 47 887 994 954 959 540 269 74 821 833 767 701 231 939 716 961 828 847 593 39 737 908 648 1000 747 1000 815 870 848 368 999 910 939 978 996 974 920 763 870 184 909 182 800 851 963 553 690 916 518 998 49 511 408 708 911 880 867 201 682
826
32 664 197 259 737 355 984 375 529 33 93 867 840 699 320 155 292 725 602 33 547 226 903 868 233 502 730 939 74 719 117 107 735 314 366 472 22 702 199 551 88 292 771 928 991 91 435 635 168 38 668 715 264 572 936 850 426 666 141 500 737 258 607 472 925 325 944 947 28 143 850 116 435 621 396 778 712 832 414 881 222 434 948 838 358 884 40 784 902 182 285 639 792 244 111 717 570 407 16 598 902 867 66 689 840 814 468 553 646 234 786 220 668 86 59 27 323 451 163 225 633 448 865 426 693 976 495 263 384 864 213 638 731 279 328 571 445 796 476 444 30 614 664 50 53 75 429 376 527 593 953 512 393 818 290 86 147 786 701 883 650 914 521 733 545 849 656 343 645 485 787 27 451 451 430 504 879 211 232 758 804 186 270 550 4 561 636 503 699 690 386 701 956 908 786 854 109 794 197 107 279 984 486 83 787 916 939 18 128 172 776 284 358 47 834 714 960 823 570 11 865 956 64 821 216 202 27 326 996 576 785 628 912 271 711 700 540 2 70 20 174 847 304 884 246 491 951 206 666 521 569 531 829 633 704 46 835 732 724 183 308 509 811 221 132 874 273 672 877 343 692 403 542 997 288 788 840 591 994 506 112 915 389 941 548 93 339 735 177 415 919 486 276 82 59 409 957 684 81 186 27 126 589 922 475 877 710 315 468 57 173 932 972 562 226 873 7 917 608 185 333 879 23 961 314 82 370 271 766 804 809 145 930 398 67 405 628 778 72 448 187 245 381 159 159 959 384 166 876 345 351 209 224 374 171 538 456 893 161 574 49 970 72 979 721 491 736 349 621 808 797 808 405 530 968 564 489 352 731 366 697 82 927 274 809 450 164 617 696 678 192 745 0 616 725 721 107 813 422 729 974 220 537 379 102 857 296 592 562 27 958 259 461 237 885 270 688 402 240 384 80 432 129 80 400 206 154 507 372 576 236 346 148 774 77 251 631 373 195 193 400 505 805 214 742 42 836 782 444 76 518 524 860 0 957 260 206 111 768 930 39 356 276 188 130 354 791 114 727 338 659 480 843 816 46 585 859 882 720 303 311 238 180 171 238 489 784 797 600 904 727 991 260 4 531 391 710 674 857 789 12 516 269 855 685 315 793 544 550 513 199 861 103 731 32 342 220 168 491 172 72 218 516 333 574 47 76 636 722 933 426 734 801 695 942 486 363 87 382 913 600 934 774 55 17 158 749 238 327 240 762 751 459 278 84 385 678 160 22 400 445 448 486 247 495 780 85 858 867 820 123 819 106 897 875 123 408 624 713 87 865 476 838 676 106 923 413 784 435 435 536 881 235 375 480 731 155 917 941 23 737 65 194 195 962 69 319 722 46 32 809 263 860 648 939 967 923 352 103 358 140 640 239 375 367 719 106 522 637 48 897 726 465 444 922 427 513 593 502 911 625 311 174 838 311 113 157 234 818 612 593 310 604 184 685 971 256 144 846 893 544 743 971 9 539 245 788 53 838 290 964 816 954 491 654 265 604 163 500 774 775 445 84 380 629 122 351 885 266 197 130 162 293 454 171 832 699 311 237 538 602 554 706 908 45 712 173 1 875 25 128 2 470 564 382 100 686 86 337 304 635 468 466 280 922 989 465 973 301 54 863 255 608 569 163 5 281 688 359 508 714 839 863 184 403 245 636 90 683 974 746 671 794 213 951 68 554 768 393 855 823 257 462 783 178 977 141 812 666 500 320 380 339 183 916 94 781 905 184 816 879 931 487 25 496 791 445 50 559 838 258 382 95 72 166 274 50 307 86 68 159 758 800 850 294 716 944 427 973 481 243 852 764 731 229 612 522 674 662 81 513 272 816 608 345 334
347 788 699 502 796 443 1000 616 819 196 616 921 865 916 772 968 310 871 921 419 962 745 914 899 726 863 967 980 192 865 631 308 781 616 897 934 784 732 778 997 679 649 869 959 993 804 821 911 345 941 986 758 721 604 959 891 952 667 969 765 925 729 708 883 945 795 953 985 626 559 900 788 599 873 566 882 929 999 781 970 241 656 981 854 567 935 162 819 916 579 305 660 947 265 879 899 893 567 231 768 915 927 343 796 952 818 469 556 767 737 788 263 898 617 300 391 710 812 194 624 860 831 975 560 773 979 702 767 756 911 985 778 916 429 781 691 447 981 937 948 607 818 874 128 629 874 808 431 993 722 998 828 762 841 773 654 948 917 892 900 803 962 889 810 664 930 812 464 687 608 859 726 772 819 557 819 980 342 777 794 996 546 933 554 468 905 723 706 788 876 496 812 969 935 824 950 699 839 340 541 672 987 642 827 976 992 945 385 560 816 955 936 886 843 893 825 970 981 869 80 984 976 856 961 774 917 851 353 997 632 966 640 923 334 829 928 541 253 514 141 885 883 652 912 299 882 986 826 805 920 822 875 945 952 876 60 979 946 940 742 601 675 930 740 767 954 705 812 942 474 960 687 575 1000 439 879 954 826 997 799 178 998 703 942 740 102 412 887 984 576 982 890 889 317 271 740 972 862 211 859 322 786 707 937 766 900 726 941 595 597 844 965 988 656 607 922 580 967 765 755 650 949 612 966 459 924 835 924 945 887 849 410 980 514 236 990 911 879 103 961 396 883 942 452 871 978 753 201 889 593 984 452 869 700 183 905 634 993 836 650 311 992 191 983 876 729 965 693 984 996 922 889 629 928 995 903 524 819 982 421 867 857 983 856 892 785 519 684 726 956 569 966 705 879 869 886 914 933 716 984 982 875 646 409 275 871 304 669 763 873 971 417 559 589 969 736 697 598 526 823 547 814 743 212 572 863 843 998 527 588 463 720 755 785 775 273 875 686 536 455 648 742 1000 337 871 300 858 826 741 588 540 704 973 65 991 657 275 922 821 968 338 860 663 940 480 550 947 535 927 942 953 986 1000 972 143 831 924 954 924 828 931 315 893 676 713 801 908 994 925 976 784 993 999 7 774 736 978 778 919 916 473 882 682 959 910 529 929 650 929 576 408 993 332 935 687 548 499 210 577 455 761 236 613 553 758 57 806 897 808 936 776 796 938 973 958 741 604 430 581 964 969 954 840 280 823 918 809 723 522 695 768 910 664 616 440 854 914 385 935 823 666 652 867 798 732 976 941 990 876 887 947 875 130 906 927 612 524 712 854 706 909 940 927 711 265 946 540 869 923 669 867 906 245 586 492 858 737 934 977 977 897 626 237 582 974 239 498 832 930 190 858 540 869 807 977 998 982 836 884 423 755 908 622 804 597 856 857 645 981 162 982 783 631 950 997 520 577 792 762 957 818 778 863 903 639 579 648 607 970 645 880 704 748 950 994 984 811 308 906 979 749 970 977 345 665 778 962 484 889 841 982 889 998 705 849 668 994 518 592 779 835 816 226 601 986 769 892 950 832 916 925 386 718 745 628 959 940 508 824 664 880 969 986 922 438 794 768 266 994 291 407 750 566 648 911 679 844 319 755 927 792 811 723 766 947 993 944 992 868 235 1000 981 771 748 340 204 554 842 496 681 886 892 925 801 439 610 928 935 691 983 993 722 839 664 978 792 890 833 407 872 930 299 581 898 771 993 479 937 925 965 849 918 815 807 922 248 936 933 784 945 891 989 756 513 901 866 646 378 747 968 599 871 183 324 171 301 525 575 893 75 659 776 844 917 684 765 975 914 990 819 685 999 918 926 587 831 930 743 680 341 815 987 824 932 367 462
351
997 985 960 483 836 987 126 305 551 790 791 375 919 220 255 209 6 392 339 508 101 499 989 832 174 791 856 953 164 805 655 161 142 616 644 331 955 122 636 506 265 427 233 184 999 489 746 357 881 85 865 982 584 207 167 110 998 23 415 515 180 71 676 675 39 673 6 994 795 642 853 412 421 86 949 772 927 695 130 808 780 347 143 716 554 310 178 905 685 593 420 865 16 448 892 407 121 898 754 269 892 607 681 665 45 630 438 973 325 920 781 457 619 276 173 174 938 703 431 623 649 203 841 17 651 733 425 773 632 179 42 876 138 723 542 183 706 332 508 31 604 642 841 223 918 14 749 857 70 532 480 719 735 673 88 387 407 865 160 391 44 554 267 534 277 161 718 335 845 226 367 449 220 208 25 139 574 774 996 996 659 828 67 394 854 156 781 261 21 293 4 418 847 623 952 477 785 22 812 630 601 179 432 821 739 457 960 666 583 308 662 242 489 730 637 343 886 770 956 259 64 312 677 911 935 630 388 72 4 201 55 605 732 487 427 824 944 739 490 879 48 152 474 889 882 111 584 120 233 540 380 297 852 409 561 139 391 949 212 396 502 267 1 235 754 780 411 50 520 901 281 920 53 755 809 288 218 393 760 452 285 492 749 489 254 662 628 645 612 840 41 466 107 395 53 213 175 464 615 47 365 897 319 771 652 128 411 871 873 171 323 510 16 424 999 270 87 980 915 51 820 309 517 280 56 923 845 583 387 461 631 753 358 950 876 10 431 287 233 656 810 908 519 826 333 870 448 772 850 716 823
1000 986 973 522 862 989 271 950 660 954 907 711 936 311 702 770 470 872 400 610 931 799 995 861 546 933 997 959 250 961 686 537 412 829 972 894 986 275 996 774 958 439 293 906 1000 726 802 734 930 572 983 992 639 876 413 900 999 37 652 678 377 839 993 930 860 901 733 998 925 688 982 526 936 876 998 939 953 760 205 965 929 354 208 931 633 410 541 984 758 878 886 939 232 518 954 890 715 905 860 479 990 824 814 768 159 994 729 993 751 931 916 741 857 942 290 976 953 750 438 738 683 815 947 112 966 981 720 789 819 851 777 929 628 796 732 196 865 986 778 978 896 976 986 807 953 867 756 956 480 745 589 773 813 726 793 833 724 931 602 791 692 986 902 597 572 264 782 520 966 265 472 528 258 870 240 554 710 986 1000 997 870 856 654 919 996 605 991 730 679 395 326 590 913 925 969 804 961 750 840 838 787 458 937 887 771 789 988 743 965 747 965 444 994 917 908 900 892 997 981 690 930 954 862 988 954 659 738 324 987 428 746 618 858 901 973 843 986 787 997 881 562 951 785 949 982 856 881 945 471 737 876 367 915 679 999 982 835 965 552 751 826 927 674 866 904 972 415 292 967 919 867 961 681 784 820 498 593 889 970 810 464 777 770 503 677 900 927 794 648 910 425 479 426 901 422 729 982 521 771 345 625 911 460 814 735 548 509 988 916 776 734 743 59 455 1000 581 969 981 966 128 970 525 948 607 379 996 847 732 855 497 927 899 639 968 969 313 836 785 953 663 821 973 748 875 640 1000 591 834 870 961 862
