20534 36099
28759 99869
43296 79927
17027 51232
31811 34577
38151 46530
94893 99063
55064 64213
5838 37005
30119 76235
13977 73853
14067 96164
15573 54547
8936 54378
76601 92781
19321 85773
73068 98194
604 71916
31289 69168
40988 99605
68836 70533
87340 99327
37335 57327
44066 72753
10827 22583
11800 27189
19060 41837
41702 87653
40668 51799
44056 85819
47989 69379
47976 78738
58799 76671
35717 89595
34773 80529
8533 92747
41830 47348
79910 80857
2480 59101
29638 57961
3456 72170
55066 92388
7656 41050
69253 97799
56101 84614
23231 71500
60320 81449
15420 93261
7716 56340
84396 90183
6807 37678
10663 30298
56183 97252
69571 84627
4950 50306
40760 52801
32223 42566
20408 81886
1600 79162
51648 88722
31711 69489
12993 22099
66395 77655
38223 72603
6141 42021
69493 85822
19073 23908
54424 98662
45534 98578
15589 21596
14589 60556
30981 76532
2826 72820
80065 99788
46204 56981
82335 89412
20073 81471
38492 93348
83117 84083
14375 55606
7688 37295
32460 53746
1418 92914
67877 99846
24004 33281
28941 45760
47501 60258
30235 97994
20967 94184
71859 97106
15300 17110
15375 31492
10547 73311
14012 73594
71507 79270
15397 70931
55908 91496
42925 80182
53090 65677
57523 60449
81694 91354
26397 59500
41496 47809
50177 58172
24946 87839
70274 83656
41190 69086
63789 74043
75467 83733
5903 83005
45267 68767
36722 79590
8239 65996
18236 20090
69469 82265
49999 67482
10317 45473
12528 97578
11798 91098
52192 58433
15732 96637
13418 87922
2097 46554
4610 68854
6013 30365
3433 83616
4502 47025
5278 49660
15249 42135
13485 14100
20412 54120
58813 81585
38483 97908
32284 59007
7406 54148
44222 99494
16969 41719
66983 86883
45643 70844
26258 74799
19820 23283
50959 63280
79740 87249
2510 53415
75146 77779
37262 94827
13922 64360
4876 22669
54825 82212
55530 68973
17264 33491
4720 68404
46278 90018
23241 67409
61329 71937
25303 28127
53822 66869
41747 75572
62651 76881
34532 68071
40656 63717
84644 91369
83306 87967
53902 97083
1726 12884
6257 41019
49684 62842
50364 76442
14086 78142
58163 60482
7459 67117
4336 66420
8999 22414
54020 58983
12711 71612
17659 44106
13979 21708
89051 92879
63891 89206
34724 55343
74979 76276
46670 94407
3832 32041
66888 79568
5417 92349
97611 99902
12744 42779
31467 60902
38564 62086
69229 99025
98649 99698
39819 85203
48599 73213
55323 87903
69629 98638
77237 85912
38639 50848
26795 86938
2455 80853
20451 22310
24683 58123
37760 56478
32917 94727
8249 52960
8141 67488
37306 70758
4835 20222
37901 72675
1068 62933
9429 36022
14620 30104
10956 61020
15760 89130
46194 91458
82297 96907
19714 32472
16149 26305
10007 70869
15515 29822
16002 93571
46954 51835
31378 71950
54283 64542
77118 97413
40191 90454
45133 50957
52683 62022
78299 90909
84543 88111
5881 99094
89668 92658
16544 75814
67636 69299
38475 89728
16605 42488
41616 49910
68719 89983
19962 30194
12133 55260
48425 93620
13892 90340
24548 72585
5629 76056
32002 52854
67851 80031
62270 79253
12434 80115
7377 93076
62726 72087
52799 71942
49994 83361
26473 75740
11192 34299
17353 93999
35650 82056
36071 88438
13016 77542
7763 76732
4264 50485
20832 26036
2911 91450
13073 48131
22980 38272
27972 82589
40822 51948
19687 91842
13144 69878
47921 81039
10795 90991
8523 18464
3170 27498
14899 52271
35617 74282
35846 80871
23242 75121
21699 68710
29761 31522
2655 19435
6956 21223
54614 72857
5679 40412
61072 66565
56553 92815
95519 97601
88010 99160
27608 93341
71 76031
7587 68654
45482 58314
12301 75106
16143 40418
23280 90568
23163 92934
37312 69309
44709 55611
8510 12358
38446 66472
35864 77939
68237 95310
55632 66399
8948 90431
34926 96622
91419 97093
6544 74585
52821 88935
94256 99325
41873 76868
4577 14309
7694 32405
21626 98487
69437 70588
54205 74151
13421 39018
60528 72638
45793 74687
23573 84299
86389 95407
7953 38110
58434 90593
24260 29414
18080 92692
19021 72172
5063 33866
54982 90438
14062 69236
10848 19111
29376 94361
69762 79488
68555 68665
3194 15095
49848 68008
30138 56045
39461 54956
24152022 43755430
26188353 63653557
35635223 85965777
77874182 86368039
18263338 75740880
989777 80410131
16390191 83466297
33556576 92834951
51572481 62699443
10258090 10278739
27087523 62255180
80866177 94861457
777353 45293192
46506614 85860276
23362655 85731021
35950499 51197039
27354113 33982244
73097533 93567569
15076326 92093359
64386610 96710817
71815141 80060492
72107959 74600389
63638218 76836318
8588268 51280840
20502 67945021
13588784 73732993
29101420 38102721
24028092 27999838
31090753 82423650
21075183 58656827
18865230 33859561
4854733 85113467
70010832 73059490
86819889 89572201
49449573 98619396
7625065 96856416
22389121 96961059
96137801 98501935
54993230 55626609
51227783 88120437
10953725 36253195
16021790 40518681
73946950 83016576
10616992 99061563
53228625 76779339
32175374 58153171
59128277 89355774
32452402 83067367
4016371 99312121
22446266 45516022
131961 45959923
38858655 43447051
8334177 10600473
52601716 83490844
36757490 60185938
79653743 97866267
48468739 84011705
44572205 44746333
22796648 26145505
1643027 34053229
29021906 39141088
46392980 46446057
74764182 80914118
50314551 78441306
21905502 31761146
9006920 33154338
46224718 62125284
10416689 99892712
24856182 34749851
33052477 96119186
63310783 75123840
36330156 78228382
26215765 90154771
193929 23893203
3224753 14293947
76299000 93498445
51379606 96851090
56772065 91533206
65887033 67695243
47600170 73043123
40125761 41613057
33018542 43981331
44936822 92737585
74402717 94973787
66570233 89553985
10795610 59717068
50487039 67325868
34025331 53036290
12836854 83631419
82894726 83925298
12200955 43695393
11842317 47334367
61507111 78312944
22932859 30290915
17079988 36393456
26479174 81379173
14807556 92598680
7400329 88218803
59307135 83450573
60923264 85600083
66145566 67521410
17468016 70861213
43390326 80704082
28645537 57345571
21344263 36841820
19712403 27140360
47164814 50669730
63123624 97608719
30944651 63485029
22046882 69137040
47361966 96701878
49840600 92824173
19911167 21018662
1482804 5351962
85080493 99910907
5916083 38437885
938330 38406632
18222416 81844443
11663188 64125773
31652027 95262634
64862310 98562046
52525531 91556162
29674550 95378627
31549228 36052638
16067204 36949734
59200668 63438542
67148668 77479905
10108980 10780693
15945487 46948127
21845068 38305500
64686226 77124932
50639047 76614953
65758832 78673364
19230755 46516766
43511572 82415262
78220634 81588778
40592895 96322122
23776472 76975660
60961464 99685038
80081900 88825664
59703756 62909827
52747764 91902635
53872906 56947879
67570939 74446292
2765331 92983505
2255572 17570477
9680380 99373869
64992345 98738946
8265758 87941828
40814736 74400327
54496186 95399952
22581605 60623644
34580894 45268990
6983094 90187665
6550723 91807394
69324645 80602554
33932775 85106433
4175051 88783688
62008991 72615616
40712744 63922246
72977693 89355040
61737690 87074355
31410435 43757529
64802467 74037022
30484712 90100730
30032088 54089898
39742360 90097315
19390260 66251689
39206277 66925980
54489228 57281935
65236697 71385693
43071289 94489205
16324873 72745924
66789802 75332391
40671371 65372462
66811309 87874503
50121560 67291016
66280996 71066360
13706299 75091132
13106123 59322463
59616626 64076689
16426862 52626340
10031089 82571032
29356708 36295269
33916379 83476328
34409946 48000128
9203487 25559746
67539133 98827837
42863855 70615797
64684282 89524542
64064430 72087745
15080225 37035268
11900896 30047618
42171336 57555110
4841165 19201440
53430257 99766194
8570339 97499549
18411251 38714391
2495157 23789874
15047771 16934998
77805590 92210011
32211615 85133861
65727052 74168852
14735423 93514227
22060433 46926841
24754063 76896522
25888898 97202174
49889715 85765619
19879005 51261194
8974927 82380461
26539 79057582
8377774 54517744
9354690 57355025
30913816 51711303
39975594 98549906
1905192 83957113
43497319 59885205
65878434 68495373
46599382 89627913
92962246 93111272
42454951 61603902
35468458 58036785
36101003 62027066
39856263 44915320
8844360 41727433
28832388 69397799
83876492 91962815
1928601 76387450
5924083 8603309
4950271 92677293
11460083 63505562
5050296 94189796
55216323 82891145
37173770 37965039
69357137 80461461
35530463 42595583
20901737 26370559
63572197 64433020
61229848 73326910
20080684 95212300
47835797 51237027
81328294 84080460
21669497 72562545
43411574 94273131
38336486 44849090
14369769 68575783
34989730 92194509
30668875 92683386
32347052 99649826
2104878 74759314
44329248 94062605
65721308 97659003
31312269 63957272
34745233 34800080
33650140 52196297
48856776 98604123
38032851 97657397
2438399 61468444
38973312 98850037
39062974 81092168
33650052 81062369
69852689 95308539
50402440 76636666
49180668 86312034
19960193 89634580
72386546 81880174
8512457 36564472
31406978 76455947
50132979 76336606
4564761 47558462
14726464 66796992
40064849 84739842
85641837 91207854
9785241 96532536
42680652 86764603
66047593 67663743
82577762 92111290
46018961 57211367
24281244 37396214
33696283 58117220
23715542 38599563
34788161 82185926
28162828 56619663
24856063 44727060
45082811 47430207
54507901 78563786
53171172 96903240
15724982 44137776
49101219 75139733
14459087 83398705
48953133 79927960
47123134 57528942
68578758 79018775
54013972 73688662
13904132 65835341
18939220 41673006
7632781 93577230
85777048 90642880
27988155 58696959
60246790 75074364
3025209 22149237
37209428 98076918
43987282 63430034
33887586 56101153
37108478 68953730
27442521 98162912
29346281 72270579
15224538 68163116
35251069 88487142
50852378 82932836
69441308 72321461
5246994 19500043
15907547 57974756
3966028 6084968
7005755 81442996
19470161 83297027
7361451 94747877
17839812 97169054
13707359 52310322
26984941 41484470
7160084 46450842
24693216 56548588
27791891 40030421
6659904 11350243
23518014 76137955
18116590 32069066
49656145 65238804
24171110 46176561
70661051 71772410
61174351 86788654
64406465 79449002
8669037 71452331
5505784 12758234
13870719 70363030
59155313 91076769
23084865 83008389
13776018 98613980
48731482 89358650
11090953 43882805
7867783 78645161
55736985 56755967
24106375 56177969
66846543 83917060
47370956 92517319
62251745 68484757
31567392 91163314
63023338 65568894
83899574 97419757
75031343 86800313
70947526 82118011
51848709 83864648
11089501 72232671
76066036 85824590
18354824 89388336
3035129 8418852
84113160 97651245
39696246 72635567
16718234 97193313
7143987 24937076
5532766 17746989
65897130 80457319
201134 4973378
21850377 64759245
5451345 21713324
29934578 66844900
3390238 38706514
9238808 68060742
38441315 57448099
63544293 65726080
4341702 87469998
61488021 61944640
6836556 72177719
12463023 93594538
38880817 67614312
66820235 94630404
51270718 83130840
55675017 94315017
43498939 85087005
14326117 30303815
52464924 55981189
21578324 44888036
16732533 51469969
25532717 89172948
8755946 20473704
13056338 69421550
3749260 69058805
10882214 30790411
25679946 80913050
45494887 79384044
48516497 91781692
47016381 58654658
29664213 69708679
33957212 52512413
45296305 87203719
49622868 92057801
2444543 49718599
10495500 72705759
48521240 70043564
10568532 80753042
59738685 97076567
56638862 74294060
19230520 74888864
29625482 67133106
794399 52963671
30320158 54280441
49233330 53326079
27962009 65836964
15278709 38133947
18573753 64280850
81450556 87686637
9727715 55679017
24323204 85670395
37499531 71171328
1535238 6648373
17073732 25921180
312016 97578599
12372500 83627000
6044009 58566791
18155131 30133075
6740668 36912913
60029028 75333954
20124160 75210766
9458935 70086726
16735400 62671691
47822917 78766602
60494993 76400032
12782336 59774138
6791583 21137578
1612500 23935614
58719663 91076787
66818421 99605879
40178756 46029817
57076663 62650413
34597531 49235587
10501469 62451055
50287407 56732382
38688055 45445832
7163194 65694413
2268102 94604294
14202537 50177902
17485335 19185281
65959938 74492061
84208410 94050790
10866602 85503222
53002487 60847813
78608970 97259557
9171664 40414989
60374455 90999846
11358810 47231876
69548519 73908229
15232337 88387933
12237735 51196476
69016573 90062017
5605802 76476564
67897061 98234609
75850435 77807164
6623537 31092820
33357770 76883027
17024228 63120809
56216282 71166802
19254526 25841285
13609480 92282087
86663213 88003980
19382767 22813629
84867644 89982949
4504564 99619061
29184320 36672331
54304387 97481640
66827760 72266707
15985159 35556986
7948904 29085235
15115192 64600417
4191328 66921453
69609771 82427065
33126639 36376736
49535544 89111633
10530700 83223228
20910086 82694704
27094809 45571894
21034392 78480331
2494221 90788719
9306475 55808840
49338883 99414773
18638927 34967792
64405831 97720001
12607819 92697747
3466231 96926009
45736256 74005856
37789987 42113134
52462631 97241741
39394420 99490769
28904879 71886812
13264547 87748083
62362375 75498705
25395657 31064344
11688433 41085359
43739593 91502381
21279755 51577676
2984485 53630299
39895804 55834756
8825149 95236394
8562558 36071612
59081888 87458677
6756305 80798179
37917580 82586869
13802994 98395895
5210187 85687732
45352496 80297400
48567912 78760711
14897206 23367194
56788158 87090190
9041301 91845981
32339433 34885401
5254922 14329641
24567387 71401944
4333569 43643331
39292354 55346687
4738972 86419530
30854763 68866804
40824490 45892213
11894699 17297887
50122098 95371085
18228529 60066326
67277544 70310277
40622358 97063185
95335161 97078165
40448879 91101568
10178807 51062329
29340703 46022808
69602328 88867738
7010623 9247653
3374675 67966813
25021543 51581408
46947966 80715108
52257320 94061840
15038373 16435674
68655484 75629159
39939687 44320443
55273854 81003952
4922770 15964661
23101679 23534834
6490723 15840605
18430235 87142486
3824645 87024501
71041451 83519674
2653151 51227442
54207060 68143096
42734726 48136185
57981183 98853055
30235754 39484347
27491513 74092496
51192234 51344153
86567240 96485346
26082260 31420908
19809292 37734729
28742124 54760737
40614170 69865325
6904449 35979465
42660224 96067157
22870734 36831563
38072020 98658988
13415611 23222262
43501298 74557789
17470532 19033457
6205793 86275310
25708195 34777884
36097066 58780760
75300022 79516899
36055171 73670196
36430986 72619024
9311634 37755174
39598390 44372340
875664 54902188
36215375 40555892
13803603 97939360
11219977 42604919
15147480 22015967
71423124 93198026
35692986 58751420
1338448 64084928
26443170 95149088
4723577 99322419
8412759 20393040
52429841 58162201
11648459 44775353
37771592 75520727
75884363 84298776
1155446 5970570
45488185 93378422
34284784 70008496
47486030 96516703
65254957 87526649
2628442 91023726
90061082 95533022
28340112 59778505
21491474 85777067
59751578 77169512
12926472 51146221
4567376 76592099
18188000 37552752
37196957 47236046
23680097 91943153
327047 49290211
23393359 69693110
66265864 85488754
8459910 95014648
18331164 21092091
50218505 79617455
48050569 69815964
83028899 85074088
7664075 77523359
62750084 82147470
37780680 80448416
54123557 78677221
5359715 9287184
32052884 56129379
49025347 87458571
15065831 46853591
62715450 95538909
13863360 36974938
68885972 95330077
14808781 67067447
36584101 39797179
58938418 90177263
27062421 53964983
61239875 93372180
10581457 57156009
5333979 67685684
9894428 54400348
36777333 36992020
1758723 19498895
38114761 56974958
6982992 23479310
19691 46295063
29461430 62207940
98108467 98564985
32792558 98458641
44496382 91425945
62683647 88661544
18573396 34372781
46467645 53007412
34238626 36724443
10327257 65490319
19559884 28796742
17436888 46754181
79296785 92218024
40162528 92450528
50057046 67256065
56131043 59714668
68450814 75892917
27957898 86387470
22452323 33636564
88068662 94487409
67283772 67619876
58452358 79539474
21400892 96509468
16938564 73578852
15926967 40183488
14564184 87463412
700201 17484316
17190417 40048456
29310933 55375402
1079944 51182043
35723867 91089334
23431261 48578648
25432894 66545719
79222855 88205289
0 0
