80
1747 3518 20 1621 858
2046 7049 4611 692 5412
7565 1875 2194 1216 3554
76 1052 7903 4013 3457
6607 8091 1357 1758 805
9190 693 15 7517 2607
3907 5837 3585 299 7094
4272 319 1790 7705 3981
8630 266 287 9402 389
8300 870 1572 250 6887
590 6113 523 849 9961
2342 8019 4704 587 4262
3020 672 3099 4594 9219
6289 7920 540 1890 6814
9482 5924 377 930 7200
7765 6441 29 344 91
155 8912 2298 276 1414
3487 5377 272 460 2348
1538 8099 179 1484 504
3496 8743 4787 414 184
90 9909 4346 64 3990
4759 9869 1708 126 1533
2363 9355 7262 549 7230
3171 6797 289 77 4892
2101 5502 7082 8 2397
1379 7871 7908 203 9961
8389 1244 90 7843 2837
2886 6966 5455 1718 9978
2475 5581 1780 1453 181
9278 6946 415 1689 5514
1340 6991 69 2814 2503
6274 6848 2323 3149 6719
3355 8990 78 3 3518
2167 8894 7545 460 5166
7138 5611 69 530 7607
1139 859 8696 4792 5153
1227 5838 7980 970 156
2095 103 2314 8487 2253
9515 5702 338 1210 7554
6473 420 30 5393 399
4330 55 1460 14 187
279 8730 1713 1074 3584
465 915 427 7723 1793
5551 297 316 8407 9126
8514 799 1396 14 2596
9902 4270 20 1613 6400
1815 5719 6373 2901 9388
1002 8603 189 61 3252
9755 6931 24 2545 463
366 8606 919 1240 1230
536 23 9256 501 2080
9836 5084 143 98 3277
6002 8731 3835 3 3059
8953 7376 946 1471 7169
348 6414 21 732 8505
345 5552 588 1775 536
9985 7270 6 82 2218
6586 748 2896 75 1226
234 7220 768 485 5663
8 4253 17 478 428
177 8215 1360 612 8564
1583 7259 7394 150 9636
1425 819 460 6836 3302
1525 563 6335 7299 2099
9900 4743 93 3668 617
1270 7382 24 826 5660
2343 9894 7454 12 149
6423 553 3070 9 4745
27 8350 1787 328 9021
158 7119 8858 1650 4719
60 2709 9791 1346 104
9428 655 345 8231 2988
583 21 7354 555 2443
68 5121 1064 3172 2276
33 7156 9862 838 6621
9334 9913 238 47 6186
2074 9205 7836 503 9602
9955 9744 7 147 2680
9394 826 419 5262 4461
46 9539 9910 303 5197
42
7974 9560 547 154 1792
8898 1762 927 7489 3501
7967 569 979 46 7993
7473 5137 1170 2956 3993
3623 3919 2157 2941 921
8176 935 962 577 3683
1329 6054 217 2846 408
3160 5916 2901 1691 7627
4019 9553 4444 162 7057
1756 9347 6968 429 1959
2411 3066 4059 4825 8727
1416 9095 7347 224 613
2327 1040 5836 4973 8606
1582 1349 8168 5722 3989
5307 9879 3923 42 1787
7387 8811 566 1064 5968
8040 637 484 346 3302
1482 9055 6606 695 3227
889 4931 8992 3539 8914
1437 3746 50 806 859
3995 8976 3985 916 6510
1312 8577 2385 931 753
678 2207 412 2707 734
3059 385 5779 512 6704
837 1712 110 6065 402
3968 199 5766 8445 2377
9928 5687 53 1870 1700
9043 9537 716 273 2677
8719 194 735 8698 3556
630 161 478 7373 714
6300 8862 1710 26 2093
750 8879 7776 1032 9149
649 8835 7432 1041 8303
2724 58 1611 155 9039
1415 3430 127 255 1092
1898 388 407 954 9283
9220 9827 64 14 8998
1330 1798 8582 674 9003
568 4854 9393 415 2720
203 1395 1117 7080 1454
1358 3005 8527 177 9468
8715 9091 1265 831 3788
78
669 9015 2623 155 1832
5072 8219 1203 1732 5346
9749 599 207 5517 4928
4113 2962 2533 6045 270
2426 2010 7085 191 1774
1074 4565 6978 2732 8506
9621 5032 127 1690 5309
1115 8290 540 400 4607
123 4449 1880 2277 7583
1678 3387 904 546 1049
9003 7977 565 303 3297
4249 1235 1432 420 2444
8279 1044 152 636 5462
5785 527 1854 434 7884
9179 1850 395 3377 177
3658 9508 5915 202 2656
7185 1627 1079 7113 5587
8212 9427 190 69 9901
8926 5468 152 237 8771
4913 2933 1541 6190 2682
3135 2370 3202 74 3884
9049 9911 36 24 4635
8018 1590 1584 7659 3965
8621 945 1073 8879 8274
263 9102 9631 364 9085
2700 4458 7272 3877 1396
6315 63 2744 172 7639
3917 3749 169 5079 6044
577 2644 907 560 982
1677 2755 4126 1479 543
1724 808 714 1486 6411
3802 2747 1995 1684 2048
3261 1924 3807 717 5385
9805 299 181 279 7624
7181 3135 0 855 536
1385 1531 6751 6505 3452
327 7314 179 2398 4852
8286 362 1225 454 5061
5686 55 926 965 6684
9304 261 1 98 9425
708 3734 257 4153 889
1441 8071 1213 651 4782
4870 425 1819 210 3242
2443 8731 1344 1203 3612
1664 9770 2682 180 3392
7583 1131 1033 135 256
946 3729 291 4799 3475
292 1926 9698 330 3677
1316 2581 16 6211 7441
386 9720 4015 18 1574
671 4383 14 4141 1016
4494 1000 2929 8888 8740
187 1331 1503 7050 5633
2597 807 5459 7239 4197
69 2559 77 5989 608
3687 378 1724 8176 7834
739 152 4390 964 5403
6938 484 2736 9514 4851
804 8542 33 466 2447
572 8794 435 875 4504
9211 281 15 68 1368
408 639 70 89 4737
9981 1506 14 2468 8826
2914 8510 6930 193 617
3353 3 2868 8437 393
1426 8759 594 1155 1819
9715 1799 245 1356 5635
2212 8854 1820 87 399
475 9915 6092 35 9673
2728 9977 3321 12 8615
2078 8843 167 900 4798
1201 9746 2 214 6279
95 356 428 1394 2846
1098 1164 207 7699 3475
8280 53 974 9 1765
192 8856 21 223 7236
31 6366 9946 1114 9393
165 4271 9803 5350 1504
97
4778 5260 2233 3850 2287
9539 3208 413 4656 338
9727 9628 11 25 1226
7289 8147 2474 426 2260
823 2249 5075 2926 5523
3026 7466 5976 759 8401
4447 2098 2999 3167 6059
3543 9801 1542 28 4842
2481 2200 6399 5258 5687
9474 5273 31 631 7165
8233 1338 149 7405 8780
9071 6452 361 2159 732
9504 2984 90 6671 4274
4723 8954 3643 966 8385
4194 2079 3080 6590 840
1014 327 5140 7428 6306
7752 9986 1675 1 872
9092 4077 264 1263 3639
2739 8993 1641 314 8330
7344 1265 2560 49 5518
933 8171 1060 1263 9123
9643 9422 194 387 9409
8496 270 876 8684 132
9488 224 243 171 4085
2442 8702 781 169 5593
6949 1427 1179 183 7110
3336 9963 4335 15 8078
6163 974 1694 895 8634
2757 8034 91 1278 4069
579 7767 237 526 5219
1999 9033 6923 327 9461
9957 6570 16 490 3480
3730 137 3625 8256 2898
777 9773 1591 130 4778
7840 8588 1777 15 7603
936 5364 9044 2409 186
632 8542 1591 1215 6935
130 9390 4421 363 8142
156 2376 328 631 1656
194 1463 9547 6272 7158
2385 8645 358 1154 6421
342 806 7898 7705 3096
8383 8775 1399 140 5371
7514 8582 1970 23 4796
8893 9853 476 39 6050
9839 643 72 1709 5694
8394 623 1328 741 5127
8897 105 798 8913 2006
2580 207 459 9749 1819
799 395 7297 271 7976
2184 195 6526 8345 3292
208 8844 4290 968 833
9933 3100 55 4832 9405
744 674 221 9169 2872
2541 138 104 9691 8569
9454 9164 42 7 9245
9677 9978 61 10 2122
7233 102 679 8828 6871
6291 9944 3251 36 7481
360 340 361 154 5120
6864 136 1865 9787 8998
159 8028 9551 680 8270
203 1194 6 212 4873
9847 9411 3 312 8415
259 969 47 2 1353
336 914 9490 525 9061
9832 9004 100 930 7713
299 672 9676 9 2246
785 591 9010 10 4195
3632 5 6348 9916 7418
3616 8822 4 1088 346
9981 344 13 2399 3053
113 1329 64 7391 7664
3261 194 274 9764 6056
113 1084 30 8404 9927
30 8990 9961 287 8266
590 9922 8377 56 3181
18 4742 27 3193 3309
1828 36 191 287 1000
19 4086 33 18 7402
332 700 256 7160 5859
1248 9986 1372 8 9050
891 323 454 65 3805
614 755 111 9109 3519
107 8171 9874 689 5203
2192 9982 543 2 628
3850 1 1335 9985 4443
2630 123 945 9865 689
73 5240 3 4672 9710
184 4590 1 2764 2365
18 3768 49 5589 6453
7869 9989 526 2 8171
336 8009 9649 1951 2522
64 2538 32 279 9023
987 274 619 8 280
1298 304 151 9680 4758
278 914 24 6930 7725
92
6488 1852 156 1816 4219
9482 6475 210 1963 1466
2536 6363 4437 1654 4535
7592 1255 1605 7213 3416
5090 8966 1131 617 3613
745 5372 6830 600 183
2358 7945 5129 413 2386
727 1530 8811 1087 4270
434 2328 256 2036 986
3224 5004 3911 4092 3671
7355 1493 181 31 7012
3577 1340 3809 1885 1286
670 7811 8782 887 8703
9609 3970 236 1456 6243
4874 689 23 8578 9516
7726 9014 1827 367 2826
157 681 5216 5658 1644
6968 3653 2799 1252 2390
7438 7344 2022 367 8985
910 9945 1516 38 6046
7193 860 850 8211 3365
1929 9704 6342 130 7439
2301 9513 2168 165 9418
3646 664 4361 11 6113
1724 6887 748 548 2663
4678 592 628 8839 6848
5731 3517 3805 422 2656
864 6394 8943 2871 8828
161 6867 9750 148 8505
9650 2324 74 3708 151
7286 9300 2471 306 6199
9624 6253 100 39 4528
3671 104 5156 542 813
9973 435 8 7450 3811
8388 101 382 9893 382
5400 4791 1447 4808 6232
1654 177 8151 260 1307
1252 9841 3536 17 2566
6036 3331 721 1202 744
1560 451 348 5897 651
5019 9485 2220 493 2820
517 7892 9427 59 4880
9303 1086 229 194 654
9833 2170 125 1241 9881
2520 666 5850 9019 6661
1451 283 8367 361 2337
9667 41 127 1282 2964
9591 4934 275 71 552
9937 8757 49 17 152
9788 2076 76 3976 9005
1059 379 190 9004 3328
1698 150 8185 9530 2740
800 464 140 8768 6584
6406 94 320 9891 2674
1 1218 9963 2122 4463
662 45 5233 9097 4699
494 8730 126 1002 5638
127 7667 9867 595 1724
529 7591 9382 757 7470
2859 9996 4466 1 2573
9994 3993 0 514 4716
7521 6 1154 9871 6401
9941 4945 28 1686 4802
9972 717 20 3717 3142
121 5664 9862 514 1527
9166 9829 102 68 5804
184 7037 235 1774 400
84 8235 23 205 8389
36 9121 9916 318 437
152 4621 9775 1560 8033
3425 9942 4906 13 9111
1238 9935 6229 60 7282
75 6243 9847 1320 3054
61 638 1 9186 582
3344 13 166 29 727
478 8337 48 477 4523
2582 9927 366 70 6661
801 9785 164 28 2587
618 7577 14 2362 8706
2561 22 1996 1 5778
72 9102 9876 555 9092
7114 74 1991 17 2610
71 6523 9913 2269 135
3786 26 6004 9882 3671
93 3832 40 1506 9091
0 7577 30 1023 4625
9485 9993 276 1 9463
1571 41 1381 9826 4346
70 6422 2 1110 3299
1804 20 7424 9912 7643
201 124 20 176 9938
1048 10 420 9655 8262
98
1399 4722 8131 4064 6527
6142 1612 960 2529 9640
8962 2789 37 1170 1437
9982 6785 9 635 43
1448 8983 22 489 8243
354 5582 896 3776 6489
2224 4720 2872 4342 1082
89 7080 189 2527 1268
2221 3515 86 6433 6481
572 3775 3378 1182 9533
4893 4024 2678 5630 8011
102 1027 8266 717 3998
9230 2066 300 299 5963
325 8934 8038 779 8381
2664 1000 494 1941 5613
8935 3221 613 788 4610
6113 3357 2438 339 753
1269 498 2300 6127 8371
9809 2726 34 2629 565
1692 324 2912 138 7033
3221 55 3570 9744 7000
470 3456 8167 491 2965
3863 9861 2584 84 1657
9556 6248 244 2704 53
1456 8851 6739 56 6958
8332 336 946 2766 1220
9934 5576 49 87 3547
8395 9415 1214 436 5122
7321 2644 102 706 8383
7860 2991 154 1540 1041
9120 9259 405 2 9353
26 5775 148 1302 8562
7984 4643 1045 5179 3943
1588 38 902 451 210
2518 60 687 9909 9708
9968 8281 13 409 5736
8016 522 1371 1360 9681
9006 4523 729 43 6080
435 4408 7234 566 9989
860 802 6883 1641 4370
22 7442 9780 2147 1956
7987 2067 1577 753 4644
187 2445 9759 1356 403
8166 4339 895 41 7136
9569 4888 278 1184 2674
9661 1841 64 2334 8733
106 2641 15 783 682
9494 1913 40 2317 1970
270 6387 48 525 2692
3825 9890 3863 102 1649
9854 3905 144 3933 2392
385 4766 9225 5038 7293
555 1770 9077 315 1338
111 480 259 1610 4003
3855 9827 432 55 7775
9198 4234 344 48 7791
7357 576 43 9245 7342
9773 1276 29 3486 1726
8273 4066 1499 557 933
163 2489 9833 640 1622
950 47 2586 408 951
8702 32 60 298 1646
7404 779 2244 3172 552
3654 49 5566 9836 6228
804 613 9083 304 2030
9726 1003 251 8981 1768
5324 2 1683 4 6415
212 5636 67 978 8643
9382 152 380 135 6359
9989 9115 10 203 7125
9687 1230 5 8552 6039
6319 45 1170 1 8388
3476 43 6187 9857 3569
51 9863 1441 88 349
535 890 68 1495 9781
721 1748 51 435 2227
767 632 9208 9176 3713
881 549 331 31 349
1146 508 8698 3 9438
61 3176 62 1013 985
676 2376 15 61 4875
158 281 287 1931 1907
328 4943 20 1324 9162
1250 522 8695 9287 2263
438 233 9336 4167 8120
369 4210 52 619 8063
150 9697 34 24 6939
663 169 111 9679 9530
39 2378 335 90 74
9900 318 40 64 4785
330 4323 35 2507 7079
9993 3407 0 5379 7439
8536 9995 1208 4 6508
6687 22 473 5 780
4623 31 4584 9 3702
100 675 9876 8955 9517
53 3547 9944 79 3012
14 8445 9978 307 8182
57
6171 3993 2577 2692 3206
1150 4142 2021 81 2120
5776 5328 4159 1037 761
2048 8697 4769 235 5008
2256 1173 3973 1046 9109
2362 196 2232 8162 6993
278 5871 4533 3456 7579
6753 7901 1658 1450 6035
5692 3961 2978 4599 2347
7506 3543 607 6305 4288
1488 3044 8242 6465 8256
3839 156 6114 9814 9503
1285 2529 995 1258 4175
15 823 1137 5158 3225
114 6218 136 2657 2510
5057 52 1539 91 1408
2844 9534 662 244 6293
3189 9996 2416 3 899
2329 958 7636 1636 6847
301 457 943 59 1220
1410 9591 317 4 4592
483 565 381 8883 3756
9955 6201 10 2648 3385
2246 9821 93 114 1616
1007 97 7482 609 5715
1442 4741 8545 1080 1608
1782 2356 138 134 2474
1898 2306 302 37 451
1770 1773 195 564 1411
3316 9909 110 19 5291
1335 9812 2402 51 2586
2104 1832 7866 8148 4002
53 542 881 9181 4065
1187 766 137 3293 2398
9892 58 48 88 1243
2245 1824 7730 0 2623
956 171 48 9268 2651
1228 9772 458 132 2588
5 54 2517 7744 1853
9990 4818 7 4656 6968
6260 47 1789 0 5428
22 9282 23 342 6271
1110 9667 496 145 1347
1134 9394 275 15 7289
4076 5 1866 38 1244
2541 45 113 2 2781
1374 9539 8614 17 6179
7249 19 882 1 5342
1535 9521 298 441 1081
46 8069 9952 118 1266
44 8291 9936 939 2415
341 9798 697 102 1007
939 9579 455 381 3640
1452 9633 6 331 1865
49 9577 1271 214 5804
8620 2 1024 9988 3180
2058 9577 7914 58 2813
68
3187 4396 3724 657 2963
4217 3702 2445 175 6981
111 9247 231 365 2673
1454 5814 2018 1330 784
3653 7351 4954 1552 3895
9787 1979 64 3605 1452
2373 4060 6196 589 5412
8701 8503 1054 935 413
9633 7459 133 362 6107
4956 9340 1375 250 1739
8960 1913 968 2539 2186
4277 9579 424 278 5950
1594 8860 8214 829 225
6072 1195 1322 5049 1685
1368 3401 3142 3707 2646
2062 7658 958 1138 3663
4174 7132 3216 2575 1728
9861 799 98 442 2368
1921 2240 4104 7465 5126
4158 1614 940 34 645
8568 9834 824 141 7984
1617 8388 7628 240 5167
6653 6350 1228 189 7531
7804 5098 1809 472 8601
1886 7748 7472 1052 8362
7066 369 2373 9440 512
928 6906 212 1337 6751
69 1189 126 7126 9585
5470 1396 76 18 1331
784 5340 219 2145 5613
3998 606 5571 9162 1366
2231 1794 138 8010 7493
7305 8 1252 138 8403
1837 9774 7969 210 2619
1352 1281 8546 2745 366
7049 315 180 231 4124
1008 5268 8860 3298 2321
205 3132 18 1217 5258
2385 568 1771 450 1179
9570 168 157 750 2300
1610 9920 148 16 1636
921 18 6332 736 940
2257 1127 1376 39 2011
1013 9272 443 702 2512
806 3114 416 6183 8300
1255 8953 62 259 3218
1231 3560 8715 5066 4252
7858 267 1576 62 7230
1311 1899 8590 1136 2229
651 2744 300 848 2441
612 319 9295 4806 3407
397 2423 9596 762 4634
603 9744 2167 191 3773
217 8841 115 158 5414
3365 5 4347 9729 9129
8803 67 1115 113 7451
333 8616 267 1245 2784
480 4201 35 1721 2975
350 2276 77 3844 7400
552 2043 48 1449 5438
9919 8661 11 406 678
349 3438 9582 262 813
376 6563 304 1619 7262
3445 9768 416 223 4984
543 307 9399 4733 2318
7890 221 839 9778 1906
319 7664 9654 2129 7795
201 7660 570 1055 1023
0
