
2267
15 4 1850 2266
9 2 1851 2693
19 2 1852 2451
29 2 1852 2294
29 2 1852 2295
29 2 1852 2296
29 2 1852 2297
7 9 1853 2780
17 7 1854 2643
20 2 1855 2840
19 7 1856 2070
29 2 1856 1940
29 2 1856 1941
29 2 1856 1942
29 2 1856 1943
23 4 1857 2199
19 2 1858 2512
16 5 1859 2311
27 11 1860 2455
29 2 1860 2237
29 2 1860 2238
29 2 1860 2239
29 2 1860 2240
4 9 1861 2322
7 3 1862 2743
16 6 1863 2630
27 8 1864 2277
29 2 1864 2323
29 2 1864 2324
29 2 1864 2325
29 2 1864 2326
27 3 1865 2406
19 9 1866 2612
23 8 1867 2713
28 9 1868 2715
29 2 1868 2187
29 2 1868 2188
29 2 1868 2189
29 2 1868 2190
14 8 1869 1882
5 12 1870 2742
13 4 1871 1875
14 1 1872 2425
29 2 1872 2704
29 2 1872 2705
29 2 1872 2706
29 2 1872 2707
16 5 1873 2196
5 6 1874 2628
6 1 1875 2670
28 1 1876 2868
29 2 1876 2856
29 2 1876 2857
29 2 1876 2858
29 2 1876 2859
14 8 1877 2696
20 11 1878 2082
26 7 1879 2416
24 6 1880 2176
29 2 1880 1903
29 2 1880 1904
29 2 1880 1905
29 2 1880 1906
21 12 1881 2758
18 9 1882 2518
17 12 1883 2217
9 2 1884 2614
29 2 1884 2499
29 2 1884 2500
29 2 1884 2501
29 2 1884 2502
17 7 1885 2212
4 8 1886 1948
8 7 1887 2722
7 8 1888 2871
29 2 1888 2329
29 2 1888 2330
29 2 1888 2331
29 2 1888 2332
3 7 1889 2625
18 9 1890 2214
20 4 1891 2354
2 11 1892 2100
29 2 1892 2267
29 2 1892 2268
29 2 1892 2269
29 2 1892 2270
12 12 1893 2131
2 2 1894 2540
12 6 1895 2738
26 8 1896 1903
29 2 1896 2808
29 2 1896 2809
29 2 1896 2810
29 2 1896 2811
20 10 1897 1922
8 3 1898 1906
13 1 1899 2639
4 6 1900 2577
27 6 1901 2593
17 1 1902 2086
15 1 1903 1981
27 8 1904 2495
29 2 1904 2694
29 2 1904 2695
29 2 1904 2696
29 2 1904 2697
10 9 1905 2237
3 11 1906 2036
2 3 1907 2721
4 3 1908 2573
29 2 1908 2817
29 2 1908 2818
29 2 1908 2819
29 2 1908 2820
26 5 1909 2217
17 12 1910 2274
10 11 1911 2125
11 10 1912 2061
29 2 1912 2394
29 2 1912 2395
29 2 1912 2396
29 2 1912 2397
8 7 1913 2825
9 12 1914 2152
5 11 1915 2270
11 6 1916 2642
29 2 1916 2421
29 2 1916 2422
29 2 1916 2423
29 2 1916 2424
15 5 1917 2603
20 8 1918 2290
16 4 1919 2417
15 12 1920 2389
29 2 1920 2568
29 2 1920 2569
29 2 1920 2570
29 2 1920 2571
11 12 1921 2136
18 3 1922 2650
16 1 1923 2244
21 6 1924 1944
29 2 1924 2400
29 2 1924 2401
29 2 1924 2402
29 2 1924 2403
23 1 1925 2390
7 7 1926 2110
28 8 1927 2729
13 4 1928 2830
29 2 1928 2307
29 2 1928 2308
29 2 1928 2309
29 2 1928 2310
22 7 1929 2004
3 11 1930 2371
24 8 1931 1968
5 4 1932 2426
29 2 1932 2413
29 2 1932 2414
29 2 1932 2415
29 2 1932 2416
25 11 1933 2469
12 11 1934 2887
27 7 1935 2340
25 3 1936 2513
29 2 1936 2796
29 2 1936 2797
29 2 1936 2798
29 2 1936 2799
28 2 1937 2613
26 2 1938 2689
6 9 1939 2234
20 8 1940 2579
29 2 1940 2344
29 2 1940 2345
29 2 1940 2346
29 2 1940 2347
15 12 1941 2022
24 7 1942 2374
23 12 1943 2041
2 8 1944 2850
29 2 1944 2386
29 2 1944 2387
29 2 1944 2388
29 2 1944 2389
2 6 1945 2484
23 3 1946 2937
8 6 1947 2230
17 6 1948 2834
29 2 1948 2845
29 2 1948 2846
29 2 1948 2847
29 2 1948 2848
9 10 1949 2444
23 4 1950 2152
26 4 1951 2182
19 7 1952 2317
29 2 1952 2846
29 2 1952 2847
29 2 1952 2848
29 2 1952 2849
1 3 1953 2663
26 11 1954 2716
17 3 1955 2096
3 6 1956 2743
29 2 1956 2465
29 2 1956 2466
29 2 1956 2467
29 2 1956 2468
11 1 1957 2875
1 8 1958 2147
23 6 1959 2458
6 6 1960 2475
29 2 1960 2676
29 2 1960 2677
29 2 1960 2678
29 2 1960 2679
16 4 1961 2601
6 5 1962 2900
28 1 1963 2963
19 12 1964 2548
29 2 1964 2050
29 2 1964 2051
29 2 1964 2052
29 2 1964 2053
3 5 1965 2459
20 9 1966 2005
7 6 1967 2929
2 2 1968 2506
29 2 1968 2689
29 2 1968 2690
29 2 1968 2691
29 2 1968 2692
11 5 1969 2368
5 5 1970 2621
16 9 1971 2687
10 8 1972 2505
29 2 1972 2228
29 2 1972 2229
29 2 1972 2230
29 2 1972 2231
2 7 1973 2897
15 5 1974 2950
8 5 1975 2515
7 11 1976 2556
29 2 1976 2620
29 2 1976 2621
29 2 1976 2622
29 2 1976 2623
22 2 1977 2754
17 9 1978 2469
21 9 1979 2394
2 4 1980 2419
29 2 1980 2136
29 2 1980 2137
29 2 1980 2138
29 2 1980 2139
20 12 1981 2934
12 1 1982 2099
19 6 1983 2267
7 1 1984 2711
29 2 1984 2492
29 2 1984 2493
29 2 1984 2494
29 2 1984 2495
7 3 1985 2924
17 6 1986 2563
6 2 1987 2010
3 5 1988 2205
29 2 1988 2937
29 2 1988 2938
29 2 1988 2939
29 2 1988 2940
3 4 1989 2825
22 9 1990 2367
9 11 1991 2606
7 5 1992 2305
29 2 1992 2941
29 2 1992 2942
29 2 1992 2943
29 2 1992 2944
24 9 1993 2409
11 7 1994 2703
21 10 1995 2818
25 6 1996 2300
29 2 1996 2008
29 2 1996 2009
29 2 1996 2010
29 2 1996 2011
20 6 1997 2208
19 6 1998 2636
26 9 1999 2543
11 11 2000 2735
29 2 2000 2639
29 2 2000 2640
29 2 2000 2641
29 2 2000 2642
20 12 2001 2729
17 1 2002 2668
5 8 2003 2439
14 11 2004 2863
29 2 2004 2752
29 2 2004 2753
29 2 2004 2754
29 2 2004 2755
16 11 2005 2531
4 10 2006 2742
25 12 2007 2355
28 6 2008 2928
29 2 2008 2281
29 2 2008 2282
29 2 2008 2283
29 2 2008 2284
22 7 2009 2918
23 3 2010 2359
22 9 2011 2435
4 11 2012 2914
29 2 2012 2423
29 2 2012 2424
29 2 2012 2425
29 2 2012 2426
27 5 2013 2101
21 2 2014 2666
19 9 2015 2194
25 4 2016 2177
29 2 2016 2508
29 2 2016 2509
29 2 2016 2510
29 2 2016 2511
6 9 2017 2903
22 4 2018 2375
23 9 2019 2504
3 4 2020 2953
29 2 2020 2692
29 2 2020 2693
29 2 2020 2694
29 2 2020 2695
28 9 2021 2435
3 4 2022 2086
24 2 2023 2211
18 12 2024 2275
29 2 2024 2817
29 2 2024 2818
29 2 2024 2819
29 2 2024 2820
26 12 2025 2793
27 9 2026 2730
4 3 2027 2796
19 9 2028 2805
29 2 2028 2483
29 2 2028 2484
29 2 2028 2485
29 2 2028 2486
9 9 2029 2465
24 8 2030 2387
14 4 2031 2693
12 7 2032 2539
29 2 2032 2366
29 2 2032 2367
29 2 2032 2368
29 2 2032 2369
26 7 2033 2322
9 8 2034 2454
24 3 2035 2296
4 9 2036 2531
29 2 2036 2742
29 2 2036 2743
29 2 2036 2744
29 2 2036 2745
9 9 2037 2321
15 10 2038 2902
8 1 2039 2311
1 11 2040 2320
29 2 2040 2554
29 2 2040 2555
29 2 2040 2556
29 2 2040 2557
3 7 2041 2491
1 3 2042 2044
9 2 2043 2176
19 9 2044 2918
29 2 2044 2944
29 2 2044 2945
29 2 2044 2946
29 2 2044 2947
23 3 2045 2723
17 7 2046 2628
6 7 2047 2599
16 5 2048 2530
29 2 2048 2851
29 2 2048 2852
29 2 2048 2853
29 2 2048 2854
1 7 2049 2307
26 9 2050 2625
2 9 2051 2181
24 8 2052 2176
29 2 2052 2539
29 2 2052 2540
29 2 2052 2541
29 2 2052 2542
20 7 2053 2753
6 2 2054 2596
7 11 2055 2649
6 8 2056 2432
29 2 2056 2616
29 2 2056 2617
29 2 2056 2618
29 2 2056 2619
17 5 2057 2628
15 11 2058 2456
1 7 2059 2899
8 8 2060 2743
29 2 2060 2862
29 2 2060 2863
29 2 2060 2864
29 2 2060 2865
5 11 2061 2682
4 1 2062 2525
2 4 2063 2873
1 5 2064 2409
29 2 2064 2175
29 2 2064 2176
29 2 2064 2177
29 2 2064 2178
26 6 2065 2606
27 2 2066 2996
13 3 2067 2946
28 11 2068 2354
29 2 2068 2713
29 2 2068 2714
29 2 2068 2715
29 2 2068 2716
19 7 2069 2940
22 10 2070 2304
1 2 2071 2942
23 1 2072 2962
29 2 2072 2571
29 2 2072 2572
29 2 2072 2573
29 2 2072 2574
3 9 2073 2165
21 8 2074 2419
15 4 2075 2855
20 11 2076 2513
29 2 2076 2178
29 2 2076 2179
29 2 2076 2180
29 2 2076 2181
23 11 2077 2635
4 7 2078 2079
12 4 2079 2474
28 10 2080 2144
29 2 2080 2997
29 2 2080 2998
29 2 2080 2999
29 2 2080 3000
3 4 2081 2595
15 11 2082 2968
25 10 2083 3000
26 7 2084 2177
29 2 2084 2474
29 2 2084 2475
29 2 2084 2476
29 2 2084 2477
24 6 2085 2948
27 1 2086 2787
14 9 2087 2527
3 3 2088 2367
29 2 2088 2899
29 2 2088 2900
29 2 2088 2901
29 2 2088 2902
14 2 2089 2290
14 4 2090 2161
18 7 2091 2771
22 8 2092 2258
29 2 2092 2689
29 2 2092 2690
29 2 2092 2691
29 2 2092 2692
15 10 2093 2823
5 6 2094 2809
13 5 2095 2254
17 11 2096 2510
29 2 2096 2808
29 2 2096 2809
29 2 2096 2810
29 2 2096 2811
10 11 2097 2288
11 1 2098 2962
28 9 2099 2208
22 11 2100 2670
16 6 2101 2175
6 3 2102 2954
8 8 2103 2138
21 10 2104 2451
29 2 2104 2342
29 2 2104 2343
29 2 2104 2344
29 2 2104 2345
19 10 2105 2851
26 11 2106 2610
19 11 2107 2644
14 3 2108 2617
29 2 2108 2323
29 2 2108 2324
29 2 2108 2325
29 2 2108 2326
24 1 2109 2139
28 3 2110 2452
26 8 2111 3000
19 6 2112 2973
29 2 2112 2677
29 2 2112 2678
29 2 2112 2679
29 2 2112 2680
17 1 2113 2323
8 1 2114 2544
1 12 2115 2842
26 3 2116 2814
29 2 2116 2197
29 2 2116 2198
29 2 2116 2199
29 2 2116 2200
9 2 2117 2593
7 1 2118 2839
24 9 2119 2317
7 11 2120 2617
29 2 2120 2314
29 2 2120 2315
29 2 2120 2316
29 2 2120 2317
9 10 2121 2908
3 1 2122 2524
8 1 2123 2568
4 9 2124 2346
29 2 2124 2961
29 2 2124 2962
29 2 2124 2963
29 2 2124 2964
1 4 2125 2821
22 3 2126 2476
12 5 2127 2943
7 9 2128 3000
29 2 2128 2894
29 2 2128 2895
29 2 2128 2896
29 2 2128 2897
5 9 2129 2267
22 4 2130 2497
16 5 2131 2355
26 4 2132 2368
29 2 2132 2657
29 2 2132 2658
29 2 2132 2659
29 2 2132 2660
22 12 2133 2755
22 2 2134 2564
2 9 2135 2823
16 5 2136 2633
29 2 2136 2502
29 2 2136 2503
29 2 2136 2504
29 2 2136 2505
3 11 2137 2794
28 11 2138 2766
27 4 2139 3000
24 10 2140 2685
29 2 2140 2237
29 2 2140 2238
29 2 2140 2239
29 2 2140 2240
9 12 2141 2522
21 1 2142 2556
2 12 2143 2963
19 12 2144 2725
29 2 2144 2793
29 2 2144 2794
29 2 2144 2795
29 2 2144 2796
26 1 2145 2920
23 11 2146 2223
5 10 2147 2719
2 1 2148 2944
29 2 2148 2217
29 2 2148 2218
29 2 2148 2219
29 2 2148 2220
25 9 2149 2171
12 2 2150 2528
16 7 2151 2993
16 3 2152 2821
29 2 2152 2186
29 2 2152 2187
29 2 2152 2188
29 2 2152 2189
14 5 2153 3000
27 4 2154 2387
7 7 2155 2335
17 1 2156 3000
29 2 2156 2751
29 2 2156 2752
29 2 2156 2753
29 2 2156 2754
22 5 2157 3000
1 9 2158 2945
27 1 2159 2585
7 6 2160 2629
29 2 2160 2997
29 2 2160 2998
29 2 2160 2999
29 2 2160 3000
13 12 2161 2411
3 2 2162 2247
28 3 2163 3000
5 6 2164 2895
29 2 2164 2997
29 2 2164 2998
29 2 2164 2999
29 2 2164 3000
13 2 2165 2773
12 12 2166 2261
14 7 2167 2210
14 1 2168 3000
29 2 2168 2598
29 2 2168 2599
29 2 2168 2600
29 2 2168 2601
21 9 2169 2242
9 10 2170 2970
23 10 2171 3000
28 6 2172 2331
29 2 2172 2767
29 2 2172 2768
29 2 2172 2769
29 2 2172 2770
7 1 2173 2270
19 12 2174 3000
16 4 2175 2493
2 11 2176 2422
29 2 2176 2629
29 2 2176 2630
29 2 2176 2631
29 2 2176 2632
5 9 2177 2891
10 1 2178 2796
18 8 2179 2728
17 10 2180 2586
29 2 2180 2754
29 2 2180 2755
29 2 2180 2756
29 2 2180 2757
27 10 2181 2729
6 11 2182 2232
16 7 2183 2840
15 5 2184 2832
29 2 2184 2934
29 2 2184 2935
29 2 2184 2936
29 2 2184 2937
7 5 2185 2490
7 9 2186 2328
26 10 2187 2477
12 9 2188 2344
29 2 2188 2749
29 2 2188 2750
29 2 2188 2751
29 2 2188 2752
23 4 2189 2577
24 7 2190 2575
5 5 2191 2896
10 10 2192 2724
29 2 2192 2997
29 2 2192 2998
29 2 2192 2999
29 2 2192 3000
23 2 2193 2345
26 7 2194 2282
2 3 2195 2326
9 12 2196 2403
29 2 2196 2933
29 2 2196 2934
29 2 2196 2935
29 2 2196 2936
3 4 2197 2720
3 7 2198 3000
25 7 2199 2817
11 8 2200 3000
1 1 2201 2767
20 12 2202 2338
28 3 2203 2631
15 7 2204 2281
29 2 2204 2581
29 2 2204 2582
29 2 2204 2583
29 2 2204 2584
17 4 2205 2889
10 9 2206 2961
5 5 2207 2379
16 3 2208 2809
29 2 2208 2554
29 2 2208 2555
29 2 2208 2556
29 2 2208 2557
5 2 2209 2377
27 11 2210 2730
7 2 2211 2760
23 6 2212 2366
29 2 2212 2644
29 2 2212 2645
29 2 2212 2646
29 2 2212 2647
9 1 2213 2407
4 9 2214 2808
15 8 2215 3000
27 10 2216 2924
29 2 2216 2372
29 2 2216 2373
29 2 2216 2374
29 2 2216 2375
16 3 2217 3000
23 12 2218 2366
4 5 2219 2346
6 6 2220 3000
29 2 2220 2892
29 2 2220 2893
29 2 2220 2894
29 2 2220 2895
18 9 2221 2311
4 5 2222 2373
4 11 2223 2345
3 9 2224 2516
29 2 2224 2957
29 2 2224 2958
29 2 2224 2959
29 2 2224 2960
2 10 2225 3000
14 6 2226 2420
23 8 2227 2893
5 1 2228 3000
29 2 2228 2372
29 2 2228 2373
29 2 2228 2374
29 2 2228 2375
15 11 2229 2516
10 6 2230 3000
15 3 2231 2605
15 10 2232 2391
29 2 2232 2920
29 2 2232 2921
29 2 2232 2922
29 2 2232 2923
23 11 2233 2909
21 3 2234 2831
2 9 2235 2502
21 8 2236 3000
29 2 2236 2548
29 2 2236 2549
29 2 2236 2550
29 2 2236 2551
3 6 2237 2553
11 8 2238 3000
13 10 2239 2300
11 2 2240 2741
29 2 2240 2968
29 2 2240 2969
29 2 2240 2970
29 2 2240 2971
10 6 2241 2831
6 3 2242 2250
4 5 2243 2459
27 8 2244 2625
29 2 2244 2997
29 2 2244 2998
29 2 2244 2999
29 2 2244 3000
15 11 2245 3000
20 5 2246 2983
26 3 2247 3000
6 2 2248 3000
29 2 2248 2939
29 2 2248 2940
29 2 2248 2941
29 2 2248 2942
7 5 2249 2279
28 5 2250 3000
12 3 2251 2955
9 10 2252 3000
29 2 2252 2735
29 2 2252 2736
29 2 2252 2737
29 2 2252 2738
26 6 2253 2851
18 12 2254 2393
12 12 2255 3000
21 8 2256 2748
29 2 2256 2477
29 2 2256 2478
29 2 2256 2479
29 2 2256 2480
17 12 2257 2419
20 9 2258 3000
19 11 2259 2938
3 7 2260 2970
29 2 2260 2997
29 2 2260 2998
29 2 2260 2999
29 2 2260 3000
10 6 2261 3000
2 3 2262 3000
23 3 2263 2557
6 6 2264 2575
29 2 2264 2997
29 2 2264 2998
29 2 2264 2999
29 2 2264 3000
25 4 2265 2541
24 6 2266 3000
11 10 2267 2687
20 9 2268 3000
29 2 2268 2997
29 2 2268 2998
29 2 2268 2999
29 2 2268 3000
6 5 2269 2323
18 5 2270 2598
4 4 2271 3000
4 12 2272 2574
29 2 2272 2427
29 2 2272 2428
29 2 2272 2429
29 2 2272 2430
2 10 2273 2548
15 1 2274 2827
22 6 2275 2313
16 9 2276 2339
29 2 2276 2997
29 2 2276 2998
29 2 2276 2999
29 2 2276 3000
22 1 2277 3000
28 8 2278 3000
13 12 2279 3000
23 7 2280 2757
29 2 2280 2997
29 2 2280 2998
29 2 2280 2999
29 2 2280 3000
9 3 2281 2433
23 8 2282 2751
23 3 2283 2904
4 1 2284 2316
29 2 2284 2997
29 2 2284 2998
29 2 2284 2999
29 2 2284 3000
2 6 2285 2536
28 1 2286 2399
12 12 2287 3000
5 5 2288 2365
29 2 2288 2997
29 2 2288 2998
29 2 2288 2999
29 2 2288 3000
25 1 2289 2880
4 10 2290 2564
9 6 2291 2429
3 2 2292 2523
29 2 2292 2610
29 2 2292 2611
29 2 2292 2612
29 2 2292 2613
24 4 2293 3000
3 6 2294 2643
18 1 2295 3000
23 12 2296 2462
29 2 2296 2997
29 2 2296 2998
29 2 2296 2999
29 2 2296 3000
21 5 2297 3000
5 7 2298 2717
13 2 2299 2551
10 1 2300 2515
12 5 2301 2922
19 6 2302 3000
4 1 2303 2751
22 10 2304 2863
29 2 2304 2615
29 2 2304 2616
29 2 2304 2617
29 2 2304 2618
5 1 2305 3000
23 4 2306 2434
1 11 2307 3000
27 4 2308 2722
29 2 2308 2864
29 2 2308 2865
29 2 2308 2866
29 2 2308 2867
25 8 2309 2724
15 10 2310 3000
12 10 2311 2593
18 4 2312 2952
29 2 2312 2579
29 2 2312 2580
29 2 2312 2581
29 2 2312 2582
18 10 2313 2952
25 1 2314 2894
24 6 2315 2619
7 5 2316 2414
29 2 2316 2997
29 2 2316 2998
29 2 2316 2999
29 2 2316 3000
22 11 2317 2964
20 6 2318 2919
22 3 2319 2567
8 6 2320 2563
29 2 2320 2803
29 2 2320 2804
29 2 2320 2805
29 2 2320 2806
12 4 2321 2386
7 12 2322 2454
8 10 2323 3000
25 7 2324 3000
29 2 2324 2997
29 2 2324 2998
29 2 2324 2999
29 2 2324 3000
3 10 2325 2418
11 4 2326 2995
15 5 2327 2697
1 5 2328 2852
29 2 2328 2769
29 2 2328 2770
29 2 2328 2771
29 2 2328 2772
9 1 2329 2664
16 11 2330 2930
6 2 2331 2498
11 11 2332 3000
29 2 2332 2997
29 2 2332 2998
29 2 2332 2999
29 2 2332 3000
28 7 2333 2486
17 1 2334 2579
10 6 2335 2482
22 11 2336 2488
29 2 2336 2558
29 2 2336 2559
29 2 2336 2560
29 2 2336 2561
20 3 2337 2790
20 8 2338 2445
19 9 2339 2882
6 11 2340 3000
29 2 2340 2524
29 2 2340 2525
29 2 2340 2526
29 2 2340 2527
9 7 2341 3000
7 12 2342 2438
13 5 2343 2884
16 2 2344 2448
29 2 2344 2997
29 2 2344 2998
29 2 2344 2999
29 2 2344 3000
9 8 2345 2373
20 7 2346 2509
6 2 2347 2885
12 8 2348 3000
29 2 2348 2997
29 2 2348 2998
29 2 2348 2999
29 2 2348 3000
6 8 2349 3000
7 10 2350 2367
22 3 2351 3000
11 2 2352 3000
29 2 2352 2394
29 2 2352 2395
29 2 2352 2396
29 2 2352 2397
21 8 2353 2435
26 7 2354 2703
6 11 2355 2783
9 1 2356 2680
29 2 2356 2364
29 2 2356 2365
29 2 2356 2366
29 2 2356 2367
17 12 2357 2986
3 5 2358 3000
24 5 2359 2523
25 2 2360 2916
29 2 2360 2997
29 2 2360 2998
29 2 2360 2999
29 2 2360 3000
12 6 2361 2791
8 11 2362 2807
8 11 2363 2435
5 10 2364 2941
29 2 2364 2445
29 2 2364 2446
29 2 2364 2447
29 2 2364 2448
15 6 2365 2695
6 7 2366 3000
2 4 2367 2397
6 8 2368 2896
29 2 2368 2736
29 2 2368 2737
29 2 2368 2738
29 2 2368 2739
16 6 2369 2647
23 6 2370 3000
25 4 2371 2754
11 11 2372 3000
29 2 2372 2373
29 2 2372 2374
29 2 2372 2375
29 2 2372 2376
13 12 2373 2895
28 11 2374 2861
18 2 2375 3000
7 11 2376 3000
29 2 2376 2997
29 2 2376 2998
29 2 2376 2999
29 2 2376 3000
17 6 2377 2407
25 8 2378 2815
15 3 2379 2467
10 3 2380 2862
29 2 2380 2564
29 2 2380 2565
29 2 2380 2566
29 2 2380 2567
4 12 2381 2709
11 10 2382 3000
19 5 2383 2571
17 3 2384 2795
29 2 2384 2812
29 2 2384 2813
29 2 2384 2814
29 2 2384 2815
14 12 2385 2857
28 1 2386 2555
14 9 2387 3000
11 4 2388 3000
29 2 2388 2997
29 2 2388 2998
29 2 2388 2999
29 2 2388 3000
19 7 2389 3000
17 5 2390 3000
26 9 2391 2912
8 2 2392 2778
29 2 2392 2804
29 2 2392 2805
29 2 2392 2806
29 2 2392 2807
19 10 2393 3000
24 3 2394 2988
1 11 2395 3000
8 2 2396 3000
29 2 2396 2672
29 2 2396 2673
29 2 2396 2674
29 2 2396 2675
19 12 2397 2776
2 2 2398 2479
21 12 2399 3000
3 8 2400 3000
29 2 2400 2997
29 2 2400 2998
29 2 2400 2999
29 2 2400 3000
12 8 2401 3000
18 11 2402 3000
9 10 2403 2961
17 9 2404 3000
29 2 2404 2667
29 2 2404 2668
29 2 2404 2669
29 2 2404 2670
21 10 2405 3000
7 10 2406 3000
20 1 2407 3000
22 11 2408 2477
29 2 2408 2933
29 2 2408 2934
29 2 2408 2935
29 2 2408 2936
2 2 2409 3000
25 7 2410 2796
28 1 2411 3000
9 2 2412 2918
29 2 2412 2997
29 2 2412 2998
29 2 2412 2999
29 2 2412 3000
5 7 2413 2428
22 11 2414 3000
10 5 2415 3000
13 9 2416 2957
29 2 2416 2997
29 2 2416 2998
29 2 2416 2999
29 2 2416 3000
7 9 2417 3000
21 11 2418 2591
18 11 2419 3000
18 10 2420 3000
29 2 2420 2856
29 2 2420 2857
29 2 2420 2858
29 2 2420 2859
15 8 2421 3000
17 9 2422 2560
14 12 2423 3000
26 6 2424 2563
29 2 2424 2997
29 2 2424 2998
29 2 2424 2999
29 2 2424 3000
18 9 2425 2818
11 4 2426 2785
21 6 2427 2659
6 1 2428 2680
29 2 2428 2481
29 2 2428 2482
29 2 2428 2483
29 2 2428 2484
28 8 2429 3000
6 9 2430 2648
3 6 2431 2596
13 11 2432 2585
29 2 2432 2997
29 2 2432 2998
29 2 2432 2999
29 2 2432 3000
19 9 2433 2668
9 8 2434 3000
1 12 2435 2821
6 4 2436 2797
29 2 2436 2997
29 2 2436 2998
29 2 2436 2999
29 2 2436 3000
17 5 2437 2613
12 7 2438 2690
11 7 2439 2740
28 2 2440 2893
29 2 2440 2662
29 2 2440 2663
29 2 2440 2664
29 2 2440 2665
5 7 2441 2967
17 7 2442 2758
27 5 2443 3000
4 7 2444 2921
29 2 2444 2900
29 2 2444 2901
29 2 2444 2902
29 2 2444 2903
3 4 2445 3000
23 11 2446 2994
20 1 2447 2745
19 7 2448 2916
29 2 2448 2530
29 2 2448 2531
29 2 2448 2532
29 2 2448 2533
25 1 2449 3000
7 3 2450 2666
27 4 2451 3000
16 8 2452 2648
29 2 2452 2997
29 2 2452 2998
29 2 2452 2999
29 2 2452 3000
3 11 2453 3000
9 3 2454 3000
9 6 2455 3000
2 4 2456 2489
29 2 2456 2997
29 2 2456 2998
29 2 2456 2999
29 2 2456 3000
14 3 2457 3000
11 2 2458 3000
26 11 2459 3000
11 7 2460 2816
29 2 2460 2997
29 2 2460 2998
29 2 2460 2999
29 2 2460 3000
24 1 2461 3000
24 2 2462 2904
28 1 2463 2496
26 3 2464 2624
29 2 2464 2705
29 2 2464 2706
29 2 2464 2707
29 2 2464 2708
19 4 2465 2688
21 7 2466 3000
4 11 2467 3000
9 12 2468 2674
29 2 2468 2740
29 2 2468 2741
29 2 2468 2742
29 2 2468 2743
14 6 2469 3000
2 12 2470 2815
7 5 2471 3000
12 2 2472 2820
29 2 2472 2703
29 2 2472 2704
29 2 2472 2705
29 2 2472 2706
13 5 2473 2549
17 9 2474 2783
11 1 2475 2820
18 8 2476 3000
29 2 2476 2647
29 2 2476 2648
29 2 2476 2649
29 2 2476 2650
9 6 2477 2989
17 3 2478 2674
14 12 2479 2658
4 4 2480 3000
29 2 2480 2487
29 2 2480 2488
29 2 2480 2489
29 2 2480 2490
21 6 2481 2912
1 4 2482 2668
14 6 2483 3000
21 7 2484 3000
29 2 2484 2704
29 2 2484 2705
29 2 2484 2706
29 2 2484 2707
17 12 2485 3000
19 10 2486 3000
4 1 2487 3000
8 12 2488 3000
29 2 2488 2934
29 2 2488 2935
29 2 2488 2936
29 2 2488 2937
6 4 2489 2753
27 9 2490 3000
28 8 2491 2647
21 4 2492 2839
29 2 2492 2774
29 2 2492 2775
29 2 2492 2776
29 2 2492 2777
19 2 2493 2522
7 10 2494 2636
11 6 2495 2612
1 10 2496 2672
29 2 2496 2997
29 2 2496 2998
29 2 2496 2999
29 2 2496 3000
18 9 2497 2839
23 7 2498 3000
21 5 2499 3000
3 1 2500 3000
3 5 2501 2746
23 10 2502 2565
19 8 2503 2654
6 7 2504 3000
29 2 2504 2997
29 2 2504 2998
29 2 2504 2999
29 2 2504 3000
13 4 2505 3000
8 8 2506 2733
19 12 2507 3000
18 12 2508 3000
29 2 2508 2997
29 2 2508 2998
29 2 2508 2999
29 2 2508 3000
16 4 2509 2652
24 1 2510 2667
6 7 2511 3000
24 11 2512 2652
29 2 2512 2997
29 2 2512 2998
29 2 2512 2999
29 2 2512 3000
11 11 2513 3000
17 3 2514 3000
2 2 2515 2921
18 5 2516 3000
29 2 2516 2997
29 2 2516 2998
29 2 2516 2999
29 2 2516 3000
20 6 2517 2623
15 9 2518 3000
16 1 2519 3000
4 12 2520 3000
29 2 2520 2997
29 2 2520 2998
29 2 2520 2999
29 2 2520 3000
12 10 2521 3000
4 3 2522 3000
16 4 2523 2978
10 1 2524 3000
29 2 2524 2997
29 2 2524 2998
29 2 2524 2999
29 2 2524 3000
23 11 2525 3000
28 6 2526 2877
10 6 2527 3000
8 8 2528 3000
29 2 2528 2774
29 2 2528 2775
29 2 2528 2776
29 2 2528 2777
6 4 2529 3000
19 9 2530 2696
17 10 2531 2555
11 9 2532 2675
29 2 2532 2997
29 2 2532 2998
29 2 2532 2999
29 2 2532 3000
9 4 2533 3000
19 10 2534 3000
22 2 2535 3000
24 3 2536 2788
29 2 2536 2922
29 2 2536 2923
29 2 2536 2924
29 2 2536 2925
7 8 2537 3000
13 3 2538 2944
14 7 2539 2575
3 5 2540 2833
29 2 2540 2997
29 2 2540 2998
29 2 2540 2999
29 2 2540 3000
11 7 2541 2691
5 3 2542 2624
22 1 2543 3000
17 10 2544 3000
29 2 2544 2997
29 2 2544 2998
29 2 2544 2999
29 2 2544 3000
3 10 2545 2708
27 1 2546 3000
27 6 2547 3000
15 4 2548 2575
29 2 2548 2997
29 2 2548 2998
29 2 2548 2999
29 2 2548 3000
10 10 2549 3000
11 6 2550 2956
19 10 2551 2779
8 7 2552 2821
29 2 2552 2997
29 2 2552 2998
29 2 2552 2999
29 2 2552 3000
9 8 2553 2873
12 8 2554 3000
21 1 2555 3000
24 7 2556 2955
29 2 2556 2997
29 2 2556 2998
29 2 2556 2999
29 2 2556 3000
16 10 2557 2779
14 10 2558 3000
11 9 2559 3000
20 9 2560 3000
29 2 2560 2997
29 2 2560 2998
29 2 2560 2999
29 2 2560 3000
13 1 2561 2790
9 3 2562 2905
20 3 2563 2805
12 10 2564 2654
29 2 2564 2997
29 2 2564 2998
29 2 2564 2999
29 2 2564 3000
7 11 2565 3000
8 9 2566 3000
2 4 2567 3000
18 2 2568 2701
29 2 2568 2997
29 2 2568 2998
29 2 2568 2999
29 2 2568 3000
26 12 2569 2668
13 8 2570 3000
8 4 2571 3000
25 9 2572 3000
29 2 2572 2606
29 2 2572 2607
29 2 2572 2608
29 2 2572 2609
22 6 2573 3000
5 7 2574 3000
4 1 2575 2730
1 7 2576 3000
29 2 2576 2893
29 2 2576 2894
29 2 2576 2895
29 2 2576 2896
8 7 2577 3000
8 2 2578 3000
25 3 2579 3000
8 1 2580 3000
29 2 2580 2997
29 2 2580 2998
29 2 2580 2999
29 2 2580 3000
16 10 2581 2634
17 2 2582 3000
3 10 2583 3000
2 6 2584 2948
29 2 2584 2997
29 2 2584 2998
29 2 2584 2999
29 2 2584 3000
8 7 2585 2682
18 11 2586 3000
1 6 2587 3000
22 6 2588 2647
29 2 2588 2828
29 2 2588 2829
29 2 2588 2830
29 2 2588 2831
26 9 2589 2735
23 6 2590 3000
27 2 2591 2757
15 1 2592 3000
29 2 2592 2905
29 2 2592 2906
29 2 2592 2907
29 2 2592 2908
3 8 2593 2875
21 2 2594 3000
2 7 2595 3000
11 8 2596 3000
29 2 2596 2880
29 2 2596 2881
29 2 2596 2882
29 2 2596 2883
3 3 2597 3000
5 4 2598 3000
8 2 2599 3000
16 3 2600 2745
3 11 2601 3000
15 1 2602 2937
11 12 2603 2940
19 3 2604 3000
29 2 2604 2997
29 2 2604 2998
29 2 2604 2999
29 2 2604 3000
18 8 2605 2721
27 9 2606 3000
22 9 2607 2628
9 11 2608 3000
29 2 2608 2997
29 2 2608 2998
29 2 2608 2999
29 2 2608 3000
1 5 2609 2934
1 2 2610 3000
23 10 2611 2912
3 6 2612 3000
29 2 2612 2659
29 2 2612 2660
29 2 2612 2661
29 2 2612 2662
18 3 2613 2810
2 5 2614 2833
26 11 2615 3000
21 8 2616 2768
29 2 2616 2997
29 2 2616 2998
29 2 2616 2999
29 2 2616 3000
4 4 2617 3000
24 9 2618 3000
27 9 2619 3000
16 4 2620 3000
29 2 2620 2722
29 2 2620 2723
29 2 2620 2724
29 2 2620 2725
25 5 2621 3000
6 4 2622 3000
22 4 2623 2859
9 5 2624 3000
29 2 2624 2997
29 2 2624 2998
29 2 2624 2999
29 2 2624 3000
27 1 2625 2993
27 11 2626 3000
7 7 2627 3000
11 1 2628 2629
29 2 2628 2997
29 2 2628 2998
29 2 2628 2999
29 2 2628 3000
24 2 2629 2898
20 3 2630 2928
27 7 2631 3000
3 10 2632 2937
29 2 2632 2771
29 2 2632 2772
29 2 2632 2773
29 2 2632 2774
13 4 2633 3000
26 9 2634 2733
10 11 2635 2719
27 5 2636 2950
29 2 2636 2997
29 2 2636 2998
29 2 2636 2999
29 2 2636 3000
10 9 2637 3000
19 3 2638 2872
23 6 2639 3000
5 6 2640 2781
29 2 2640 2997
29 2 2640 2998
29 2 2640 2999
29 2 2640 3000
18 7 2641 2995
22 1 2642 3000
5 12 2643 3000
12 8 2644 3000
29 2 2644 2997
29 2 2644 2998
29 2 2644 2999
29 2 2644 3000
25 6 2645 3000
10 8 2646 2793
9 12 2647 3000
25 7 2648 3000
29 2 2648 2997
29 2 2648 2998
29 2 2648 2999
29 2 2648 3000
5 2 2649 2696
17 5 2650 3000
28 3 2651 3000
13 7 2652 3000
29 2 2652 2779
29 2 2652 2780
29 2 2652 2781
29 2 2652 2782
5 8 2653 3000
5 8 2654 3000
12 7 2655 2800
8 10 2656 2965
29 2 2656 2997
29 2 2656 2998
29 2 2656 2999
29 2 2656 3000
16 3 2657 3000
19 2 2658 2931
10 8 2659 2679
20 12 2660 2969
29 2 2660 2997
29 2 2660 2998
29 2 2660 2999
29 2 2660 3000
13 9 2661 3000
8 9 2662 3000
10 12 2663 3000
17 2 2664 3000
29 2 2664 2885
29 2 2664 2886
29 2 2664 2887
29 2 2664 2888
25 9 2665 3000
16 1 2666 3000
5 2 2667 3000
15 1 2668 3000
29 2 2668 2997
29 2 2668 2998
29 2 2668 2999
29 2 2668 3000
12 12 2669 3000
6 7 2670 2927
28 1 2671 3000
26 2 2672 2777
29 2 2672 2997
29 2 2672 2998
29 2 2672 2999
29 2 2672 3000
4 8 2673 3000
12 4 2674 3000
10 11 2675 3000
4 1 2676 2911
29 2 2676 2997
29 2 2676 2998
29 2 2676 2999
29 2 2676 3000
24 11 2677 2752
24 12 2678 3000
26 9 2679 3000
22 7 2680 3000
29 2 2680 2997
29 2 2680 2998
29 2 2680 2999
29 2 2680 3000
21 8 2681 3000
2 4 2682 3000
22 11 2683 2735
24 3 2684 2817
29 2 2684 2997
29 2 2684 2998
29 2 2684 2999
29 2 2684 3000
7 2 2685 2800
24 8 2686 2851
19 8 2687 2717
24 9 2688 2892
29 2 2688 2997
29 2 2688 2998
29 2 2688 2999
29 2 2688 3000
3 4 2689 3000
26 10 2690 3000
5 11 2691 3000
9 9 2692 3000
29 2 2692 2997
29 2 2692 2998
29 2 2692 2999
29 2 2692 3000
28 11 2693 2870
9 10 2694 2876
10 4 2695 2717
7 4 2696 3000
29 2 2696 2997
29 2 2696 2998
29 2 2696 2999
29 2 2696 3000
12 10 2697 3000
13 2 2698 2802
9 6 2699 3000
2 7 2700 3000
3 4 2701 2710
19 7 2702 3000
12 1 2703 3000
2 3 2704 3000
29 2 2704 2997
29 2 2704 2998
29 2 2704 2999
29 2 2704 3000
16 1 2705 2783
28 12 2706 3000
6 9 2707 3000
22 2 2708 3000
29 2 2708 2997
29 2 2708 2998
29 2 2708 2999
29 2 2708 3000
18 2 2709 3000
10 11 2710 2827
21 12 2711 3000
13 5 2712 3000
29 2 2712 2862
29 2 2712 2863
29 2 2712 2864
29 2 2712 2865
11 8 2713 3000
1 5 2714 3000
17 10 2715 2728
9 6 2716 3000
29 2 2716 2997
29 2 2716 2998
29 2 2716 2999
29 2 2716 3000
15 6 2717 2757
11 12 2718 3000
22 6 2719 2759
24 5 2720 3000
29 2 2720 2997
29 2 2720 2998
29 2 2720 2999
29 2 2720 3000
27 4 2721 2829
25 10 2722 2976
10 1 2723 2851
24 2 2724 3000
29 2 2724 2997
29 2 2724 2998
29 2 2724 2999
29 2 2724 3000
17 11 2725 3000
23 6 2726 2743
24 4 2727 2902
19 5 2728 2909
29 2 2728 2768
29 2 2728 2769
29 2 2728 2770
29 2 2728 2771
22 12 2729 3000
20 9 2730 2777
2 4 2731 3000
5 3 2732 3000
29 2 2732 2823
29 2 2732 2824
29 2 2732 2825
29 2 2732 2826
13 5 2733 3000
21 6 2734 3000
16 11 2735 3000
18 12 2736 2930
29 2 2736 2997
29 2 2736 2998
29 2 2736 2999
29 2 2736 3000
11 12 2737 3000
20 9 2738 3000
12 8 2739 3000
20 4 2740 3000
29 2 2740 2997
29 2 2740 2998
29 2 2740 2999
29 2 2740 3000
19 12 2741 3000
14 1 2742 3000
27 1 2743 3000
17 4 2744 2823
29 2 2744 2997
29 2 2744 2998
29 2 2744 2999
29 2 2744 3000
6 2 2745 3000
23 12 2746 2943
17 7 2747 3000
10 7 2748 3000
29 2 2748 2997
29 2 2748 2998
29 2 2748 2999
29 2 2748 3000
12 1 2749 3000
6 5 2750 3000
1 2 2751 2975
25 7 2752 3000
29 2 2752 2778
29 2 2752 2779
29 2 2752 2780
29 2 2752 2781
28 3 2753 3000
19 3 2754 3000
1 10 2755 3000
15 12 2756 3000
29 2 2756 2997
29 2 2756 2998
29 2 2756 2999
29 2 2756 3000
18 10 2757 3000
23 7 2758 3000
6 4 2759 3000
10 5 2760 3000
29 2 2760 2997
29 2 2760 2998
29 2 2760 2999
29 2 2760 3000
16 4 2761 2798
18 6 2762 2923
28 8 2763 3000
24 5 2764 3000
29 2 2764 2997
29 2 2764 2998
29 2 2764 2999
29 2 2764 3000
2 5 2765 3000
16 10 2766 3000
4 12 2767 2872
11 4 2768 3000
29 2 2768 2776
29 2 2768 2777
29 2 2768 2778
29 2 2768 2779
3 1 2769 3000
13 6 2770 2778
16 1 2771 2810
24 2 2772 3000
29 2 2772 2997
29 2 2772 2998
29 2 2772 2999
29 2 2772 3000
19 10 2773 2988
11 1 2774 3000
6 7 2775 3000
24 2 2776 3000
29 2 2776 2997
29 2 2776 2998
29 2 2776 2999
29 2 2776 3000
2 8 2777 2985
7 2 2778 2818
4 11 2779 3000
6 3 2780 3000
29 2 2780 2997
29 2 2780 2998
29 2 2780 2999
29 2 2780 3000
13 12 2781 3000
27 4 2782 3000
13 2 2783 3000
20 10 2784 3000
29 2 2784 2997
29 2 2784 2998
29 2 2784 2999
29 2 2784 3000
6 3 2785 3000
9 4 2786 3000
22 5 2787 3000
8 10 2788 3000
29 2 2788 2929
29 2 2788 2930
29 2 2788 2931
29 2 2788 2932
24 3 2789 3000
23 2 2790 3000
10 7 2791 2841
12 1 2792 3000
29 2 2792 2997
29 2 2792 2998
29 2 2792 2999
29 2 2792 3000
4 12 2793 2928
2 10 2794 3000
7 1 2795 3000
1 12 2796 3000
29 2 2796 2997
29 2 2796 2998
29 2 2796 2999
29 2 2796 3000
16 9 2797 3000
17 12 2798 3000
1 11 2799 3000
20 1 2800 3000
29 2 2800 2997
29 2 2800 2998
29 2 2800 2999
29 2 2800 3000
13 7 2801 3000
25 4 2802 3000
20 11 2803 3000
27 12 2804 3000
29 2 2804 2997
29 2 2804 2998
29 2 2804 2999
29 2 2804 3000
25 6 2805 2885
23 12 2806 3000
19 7 2807 2935
11 6 2808 3000
29 2 2808 2997
29 2 2808 2998
29 2 2808 2999
29 2 2808 3000
17 3 2809 3000
22 2 2810 3000
28 12 2811 3000
23 12 2812 2878
29 2 2812 2997
29 2 2812 2998
29 2 2812 2999
29 2 2812 3000
5 6 2813 3000
4 11 2814 3000
28 4 2815 2966
3 1 2816 3000
29 2 2816 2997
29 2 2816 2998
29 2 2816 2999
29 2 2816 3000
20 5 2817 3000
19 11 2818 3000
13 1 2819 2844
25 3 2820 3000
29 2 2820 2882
29 2 2820 2883
29 2 2820 2884
29 2 2820 2885
9 3 2821 2875
13 6 2822 3000
26 3 2823 3000
5 5 2824 3000
29 2 2824 2997
29 2 2824 2998
29 2 2824 2999
29 2 2824 3000
2 3 2825 3000
8 1 2826 3000
9 2 2827 3000
13 9 2828 2964
29 2 2828 2997
29 2 2828 2998
29 2 2828 2999
29 2 2828 3000
18 4 2829 3000
22 7 2830 3000
13 3 2831 3000
18 9 2832 3000
29 2 2832 2997
29 2 2832 2998
29 2 2832 2999
29 2 2832 3000
23 9 2833 3000
6 8 2834 3000
10 12 2835 3000
4 4 2836 3000
29 2 2836 2997
29 2 2836 2998
29 2 2836 2999
29 2 2836 3000
17 8 2837 3000
19 9 2838 2986
3 2 2839 3000
21 7 2840 3000
29 2 2840 2997
29 2 2840 2998
29 2 2840 2999
29 2 2840 3000
16 9 2841 3000
9 9 2842 3000
22 11 2843 3000
8 2 2844 2952
29 2 2844 2997
29 2 2844 2998
29 2 2844 2999
29 2 2844 3000
23 11 2845 3000
26 4 2846 3000
17 8 2847 2968
5 8 2848 3000
29 2 2848 2997
29 2 2848 2998
29 2 2848 2999
29 2 2848 3000
12 1 2849 3000
9 3 2850 3000
11 7 2851 3000
3 8 2852 3000
29 2 2852 2997
29 2 2852 2998
29 2 2852 2999
29 2 2852 3000
15 1 2853 3000
20 9 2854 2940
11 5 2855 3000
10 3 2856 3000
29 2 2856 2997
29 2 2856 2998
29 2 2856 2999
29 2 2856 3000
22 7 2857 3000
6 1 2858 3000
6 9 2859 3000
27 7 2860 3000
29 2 2860 2997
29 2 2860 2998
29 2 2860 2999
29 2 2860 3000
16 1 2861 3000
4 12 2862 3000
17 7 2863 3000
17 9 2864 3000
29 2 2864 2997
29 2 2864 2998
29 2 2864 2999
29 2 2864 3000
8 11 2865 3000
7 1 2866 3000
10 12 2867 3000
25 4 2868 3000
29 2 2868 2997
29 2 2868 2998
29 2 2868 2999
29 2 2868 3000
25 12 2869 3000
20 10 2870 3000
28 6 2871 3000
13 9 2872 3000
29 2 2872 2916
29 2 2872 2917
29 2 2872 2918
29 2 2872 2919
6 9 2873 3000
26 9 2874 3000
27 11 2875 2993
8 2 2876 3000
29 2 2876 2997
29 2 2876 2998
29 2 2876 2999
29 2 2876 3000
26 7 2877 2981
1 11 2878 3000
26 11 2879 2917
24 7 2880 3000
29 2 2880 2997
29 2 2880 2998
29 2 2880 2999
29 2 2880 3000
9 1 2881 3000
25 8 2882 3000
7 12 2883 3000
10 6 2884 3000
29 2 2884 2997
29 2 2884 2998
29 2 2884 2999
29 2 2884 3000
5 10 2885 3000
23 8 2886 3000
1 10 2887 3000
19 12 2888 3000
29 2 2888 2997
29 2 2888 2998
29 2 2888 2999
29 2 2888 3000
18 9 2889 3000
13 10 2890 3000
1 6 2891 3000
24 1 2892 3000
29 2 2892 2997
29 2 2892 2998
29 2 2892 2999
29 2 2892 3000
6 11 2893 3000
21 6 2894 3000
26 7 2895 3000
28 6 2896 3000
29 2 2896 2997
29 2 2896 2998
29 2 2896 2999
29 2 2896 3000
8 9 2897 2899
18 3 2898 3000
2 9 2899 3000
9 2 2900 3000
6 8 2901 3000
1 11 2902 3000
8 9 2903 3000
20 5 2904 2942
29 2 2904 2958
29 2 2904 2959
29 2 2904 2960
29 2 2904 2961
20 7 2905 3000
10 5 2906 3000
11 5 2907 3000
20 8 2908 3000
29 2 2908 2997
29 2 2908 2998
29 2 2908 2999
29 2 2908 3000
18 5 2909 3000
7 10 2910 3000
1 4 2911 3000
12 8 2912 2952
29 2 2912 2997
29 2 2912 2998
29 2 2912 2999
29 2 2912 3000
7 7 2913 3000
12 9 2914 3000
4 6 2915 3000
23 8 2916 3000
29 2 2916 2997
29 2 2916 2998
29 2 2916 2999
29 2 2916 3000
26 12 2917 3000
23 5 2918 3000
9 7 2919 3000
23 8 2920 3000
29 2 2920 2996
29 2 2920 2997
29 2 2920 2998
29 2 2920 2999
16 1 2921 3000
13 6 2922 3000
1 11 2923 3000
23 7 2924 3000
29 2 2924 2997
29 2 2924 2998
29 2 2924 2999
29 2 2924 3000
8 7 2925 3000
22 7 2926 3000
23 5 2927 3000
12 12 2928 3000
29 2 2928 2997
29 2 2928 2998
29 2 2928 2999
29 2 2928 3000
25 6 2929 3000
12 1 2930 3000
24 2 2931 2978
1 8 2932 3000
29 2 2932 2997
29 2 2932 2998
29 2 2932 2999
29 2 2932 3000
5 2 2933 3000
25 6 2934 3000
2 4 2935 3000
10 12 2936 3000
29 2 2936 2997
29 2 2936 2998
29 2 2936 2999
29 2 2936 3000
4 12 2937 3000
12 1 2938 3000
20 7 2939 3000
5 7 2940 3000
29 2 2940 2997
29 2 2940 2998
29 2 2940 2999
29 2 2940 3000
19 4 2941 3000
17 11 2942 3000
22 6 2943 3000
20 4 2944 3000
29 2 2944 2997
29 2 2944 2998
29 2 2944 2999
29 2 2944 3000
24 5 2945 3000
23 11 2946 3000
21 7 2947 3000
2 2 2948 3000
29 2 2948 2997
29 2 2948 2998
29 2 2948 2999
29 2 2948 3000
17 12 2949 3000
6 2 2950 3000
16 1 2951 3000
15 1 2952 3000
29 2 2952 2994
29 2 2952 2995
29 2 2952 2996
29 2 2952 2997
23 11 2953 3000
27 1 2954 3000
14 5 2955 3000
11 1 2956 2959
29 2 2956 2997
29 2 2956 2998
29 2 2956 2999
29 2 2956 3000
10 2 2957 3000
6 8 2958 3000
11 3 2959 3000
4 11 2960 3000
29 2 2960 2997
29 2 2960 2998
29 2 2960 2999
29 2 2960 3000
7 6 2961 3000
20 3 2962 3000
6 12 2963 3000
12 1 2964 3000
29 2 2964 2995
29 2 2964 2996
29 2 2964 2997
29 2 2964 2998
4 4 2965 3000
2 5 2966 3000
10 3 2967 3000
22 4 2968 2983
29 2 2968 2997
29 2 2968 2998
29 2 2968 2999
29 2 2968 3000
5 1 2969 3000
23 6 2970 3000
14 1 2971 3000
19 12 2972 3000
29 2 2972 2997
29 2 2972 2998
29 2 2972 2999
29 2 2972 3000
14 10 2973 3000
22 6 2974 3000
1 9 2975 3000
3 4 2976 3000
29 2 2976 2997
29 2 2976 2998
29 2 2976 2999
29 2 2976 3000
11 3 2977 3000
6 2 2978 3000
19 1 2979 3000
28 1 2980 3000
29 2 2980 2997
29 2 2980 2998
29 2 2980 2999
29 2 2980 3000
15 4 2981 3000
8 2 2982 3000
16 6 2983 3000
3 4 2984 3000
29 2 2984 2997
29 2 2984 2998
29 2 2984 2999
29 2 2984 3000
25 3 2985 3000
3 1 2986 3000
14 7 2987 3000
21 4 2988 3000
29 2 2988 2997
29 2 2988 2998
29 2 2988 2999
29 2 2988 3000
6 7 2989 3000
8 1 2990 3000
17 6 2991 3000
2 6 2992 3000
29 2 2992 2997
29 2 2992 2998
29 2 2992 2999
29 2 2992 3000
2 11 2993 3000
8 5 2994 3000
20 8 2995 3000
10 11 2996 3000
29 2 2996 2997
29 2 2996 2998
29 2 2996 2999
29 2 2996 3000
4 12 2997 3000
26 2 2998 3000
18 11 2999 3000
8 12 3000 3000
