27 19
53
23
45
7
70
80
37
32
39
20
8
90
66
31
86
59
20
95
43
51
49
26
8
84
97
31
62
91
3 0
83
27
15
79
14 3
59
70
15
97
41
22
38
7
4
23
17
76
70
59
26
8 7
85
1
33
15
63
75
38
3
9
14 11
88
97
52
46
19
66
94
59
39
32
17
95
6
86
70
15 7
47
92
32
31
93
16
45
7
90
82
61
51
98
77
38
46
10 6
64
45
28
75
35
11
43
29
17
28
50
13 1
96
87
55
26
79
70
23
37
11
56
97
61
53
25
8 1
4
84
14
100
12
40
34
22
83
25 3
62
16
33
85
12
19
39
89
49
8
11
37
71
19
33
31
23
9
81
73
64
64
39
63
27
78
8 6
12
62
90
74
78
74
58
41
44
29 0
44
56
44
80
78
62
64
61
84
24
41
57
87
56
95
1
35
24
49
35
36
62
24
61
91
50
70
31
93
18
24 13
26
7
20
3
68
84
63
3
7
55
59
46
11
5
46
45
29
94
31
16
8
54
28
98
55
17 12
100
15
44
88
40
50
7
42
69
42
57
71
1
11
82
46
73
38
3 0
18
89
99
33
26 13
60
93
59
9
73
10
23
16
97
14
17
56
7
85
49
63
8
49
74
41
46
98
78
89
67
96
29
17 5
24
73
92
68
32
100
93
93
74
60
42
87
77
97
93
13
45
56
2 2
81
12
91
20 8
31
48
37
11
65
16
34
89
7
54
72
58
46
65
31
5
6
69
33
54
62
6 5
69
17
95
1
81
38
82
10 3
30
6
31
46
73
16
34
32
69
6
89
6 1
72
23
27
40
55
80
1
22 0
21
21
76
21
53
65
3
22
84
84
79
66
29
3
82
14
34
2
19
75
20
40
46
12 3
85
48
97
38
52
26
58
24
53
31
76
17
85
9 1
68
27
18
48
81
51
61
15
4
32
9 2
71
34
64
37
70
64
85
7
15
10
5 3
14
95
65
82
31
13
6 1
91
55
45
71
5
57
85
30 28
25
83
59
58
98
47
28
61
31
34
27
93
50
16
58
96
80
92
26
92
77
75
82
31
71
5
87
28
89
46
67
4 4
77
23
78
75
2
10 9
88
17
2
37
84
59
85
16
50
62
7
18 9
41
8
59
45
94
38
85
92
5
50
71
33
73
100
8
26
90
65
13
18 4
2
41
76
86
56
78
99
15
55
35
7
15
46
3
60
83
39
51
39
9 3
72
61
73
79
86
62
95
51
71
12
2 0
87
89
71
16 0
85
71
74
43
85
19
97
44
1
36
47
40
24
20
11
36
92
11 4
6
35
23
76
46
26
39
84
14
10
100
1
6 0
26
41
58
44
37
53
44
14 8
35
99
70
97
34
14
37
59
71
71
33
46
68
59
37
4 3
98
3
76
95
76
11 6
33
96
76
85
40
99
36
26
98
57
23
83
10 10
41
40
34
74
38
1
84
26
56
59
75
18 3
69
85
87
56
17
83
31
54
74
81
41
51
78
97
25
61
19
36
1
10 5
26
99
21
61
24
77
72
98
86
6
19
21 9
26
39
78
56
92
3
36
84
54
66
33
78
26
51
13
78
12
33
56
11
6
16
16 15
87
36
19
44
54
41
40
79
80
17
86
23
72
21
7
25
38
11 9
63
41
67
41
4
51
48
66
56
15
52
89
4 1
60
49
40
100
88
10 7
57
55
54
28
27
12
52
65
2
5
79
24 22
71
97
74
18
63
29
33
14
70
86
52
29
34
43
80
74
12
59
82
18
64
9
44
75
12
30 8
68
39
69
91
61
65
64
79
79
44
63
44
65
100
95
45
85
37
25
58
100
35
39
17
98
99
13
72
10
24
47
28 10
67
20
75
83
35
5
62
30
67
57
95
66
4
39
50
92
63
60
92
97
98
60
46
49
24
17
58
100
15
27 8
81
58
39
16
92
43
29
22
61
85
16
78
88
6
80
80
21
39
23
17
88
82
15
36
58
31
94
57
28 1
21
30
90
60
45
81
54
73
54
67
10
21
44
97
27
23
28
47
61
50
15
49
84
29
84
41
12
29
49
29 22
69
90
2
80
35
34
34
59
40
52
68
60
95
17
86
18
44
84
30
94
99
78
77
27
14
69
90
94
17
98
16 15
88
59
17
74
45
2
32
84
53
52
43
47
68
81
64
63
64
26 24
14
23
84
93
88
4
82
34
20
32
39
57
71
50
73
44
46
74
27
29
26
30
23
72
49
55
88
22 8
33
71
84
7
55
28
47
10
10
80
30
93
18
86
63
19
58
58
64
31
36
44
8
26 16
79
66
73
18
29
43
2
100
79
9
6
6
7
15
67
86
44
11
55
81
73
74
38
82
89
20
18
3 2
35
51
58
100
5 2
81
70
29
80
100
89
25 4
95
51
24
80
47
34
34
27
59
59
65
40
100
36
9
32
63
43
34
72
95
60
98
27
29
26
6 2
14
42
85
8
92
60
39
20 2
73
17
3
83
33
95
82
68
3
65
82
98
50
53
44
10
51
70
38
76
27
8 1
20
54
49
63
13
88
53
57
12
9 1
46
1
6
28
20
60
44
2
9
94
4 1
3
56
73
92
32
11 0
73
70
14
73
33
78
60
85
87
23
5
50
29 4
7
48
24
66
91
77
75
36
31
78
90
86
3
34
69
53
94
93
75
60
66
7
89
77
43
75
100
47
76
20
11 9
19
26
48
61
3
74
97
85
3
86
22
57
19 2
10
65
35
36
24
100
42
12
29
84
39
80
82
14
51
84
96
69
9
95
19 2
20
77
47
74
15
21
31
85
63
92
49
97
27
24
49
68
88
29
3
26
28 23
91
58
67
38
78
27
32
6
90
3
35
88
77
49
60
7
33
22
98
34
71
24
57
19
43
44
47
97
21
16 14
12
15
98
49
92
76
33
49
65
35
35
5
63
83
64
69
68
18 16
1
8
93
9
78
87
53
76
83
25
81
14
36
47
63
37
38
39
21
18 18
7
73
11
70
7
27
90
74
64
60
26
23
52
35
100
91
39
75
25
15 14
39
51
5
53
39
94
91
59
31
98
65
55
8
34
62
34
26 5
97
35
65
19
38
51
70
28
89
96
53
55
54
43
5
58
95
95
51
38
53
34
35
70
88
42
55
1 1
30
40
14 13
4
95
2
54
64
81
94
12
33
48
65
27
5
23
22
29 14
11
4
58
45
25
98
38
79
50
65
61
89
41
76
92
35
77
97
50
58
90
61
42
38
78
69
42
100
42
92
26 12
47
86
48
71
83
37
50
84
2
62
73
42
37
16
76
66
13
77
75
54
90
16
43
67
36
36
18
9 7
93
80
74
78
79
97
12
16
98
96
29 18
68
10
95
35
37
60
99
65
34
53
54
2
95
20
37
31
37
66
10
30
97
35
59
28
31
71
95
28
66
63
6 1
24
33
19
60
92
70
24
8 8
78
79
68
49
67
50
86
84
59
27 24
94
77
12
24
47
6
4
12
20
89
48
43
21
67
54
65
36
77
42
9
6
72
76
7
90
78
44
74
26 10
58
81
86
69
57
85
74
60
48
45
48
96
87
21
14
40
85
49
68
78
9
74
49
36
80
38
13
23 2
1
84
20
81
21
40
89
57
13
48
5
9
48
100
95
68
13
34
4
13
2
81
21
27
1 1
58
70
11 3
33
21
67
4
53
39
44
42
96
8
89
100
27 11
51
11
7
63
97
10
27
50
42
47
28
74
54
85
44
74
68
28
46
34
31
99
72
74
40
67
82
80
18 12
68
68
60
74
82
56
36
8
57
29
6
84
3
60
20
98
85
87
25
1 1
55
81
24 3
20
62
62
99
32
59
18
51
70
92
33
26
79
92
34
7
98
18
61
9
37
58
45
76
82
27 6
37
7
42
17
26
56
78
77
87
88
94
89
57
37
21
34
15
65
68
74
62
85
34
22
73
92
18
48
3 0
95
9
3
36
25 6
91
54
57
29
41
2
18
98
39
90
31
5
54
98
78
67
82
12
40
55
55
58
2
27
2
48
18 15
84
12
36
26
66
92
7
6
46
24
55
36
65
86
40
19
83
70
37
17 14
77
23
87
34
76
13
87
24
52
42
59
16
78
84
33
21
42
90
26 5
45
53
30
30
93
100
64
14
36
80
46
12
54
84
97
30
48
83
53
100
77
63
15
6
46
47
26
8 3
44
4
32
96
85
61
40
84
77
15 3
56
2
35
62
85
32
91
85
14
95
84
42
57
50
47
54
28 28
93
35
68
49
67
63
33
79
55
69
55
59
92
11
61
26
72
97
57
14
81
23
8
16
64
16
17
11
69
24 9
62
99
2
62
17
16
94
95
22
14
50
81
5
12
93
31
35
41
39
48
22
61
7
89
25
12 12
35
42
69
69
55
19
22
16
87
37
10
82
59
15 14
91
32
94
35
62
28
75
100
27
96
61
85
37
37
6
42
3 2
62
43
54
81
14 3
19
52
30
100
62
5
82
52
36
27
86
49
6
13
100
2 0
12
68
96
18 3
37
22
24
99
64
77
31
27
45
49
79
75
1
40
31
34
44
18
61
1 1
66
93
17 15
53
81
17
48
80
42
85
2
65
35
65
41
17
92
37
17
22
63
17 6
93
51
56
62
63
89
79
28
81
96
29
33
28
46
33
7
39
69
8 2
3
73
47
71
16
83
87
89
98
24 0
90
6
9
52
68
97
82
47
77
29
76
62
56
73
46
63
63
14
22
17
68
94
63
38
61
17 3
49
94
79
2
36
36
10
39
55
58
20
2
86
49
29
47
56
1
22 0
63
57
40
31
24
85
93
13
98
41
89
98
87
19
51
74
55
60
12
9
69
83
62
15 6
90
1
39
90
45
8
4
1
99
34
77
84
78
89
33
19
7 5
57
48
81
30
2
92
93
62
13 8
24
67
58
65
19
48
55
15
55
10
16
54
44
44
9 0
84
21
91
61
2
99
60
34
28
61
28 27
74
90
47
49
56
56
14
26
3
68
41
9
77
8
62
72
51
2
93
34
74
35
46
76
34
5
61
13
17
8 2
91
79
31
39
86
38
52
12
92
21 13
100
100
59
14
71
61
15
15
94
89
50
92
16
83
96
76
95
65
66
79
55
96
1 0
82
98
19 4
41
19
96
41
18
6
54
41
18
20
55
63
8
4
54
75
38
2
51
85
26 3
15
72
63
28
16
96
77
64
40
18
35
87
10
4
44
63
44
61
34
51
24
42
6
77
68
44
30
8 5
95
37
46
66
100
73
34
47
50
9 6
19
83
25
28
87
69
42
82
81
75
2 0
68
38
33
16 7
14
53
64
9
42
9
26
93
82
59
39
83
60
77
1
42
2
28 10
22
69
62
2
95
45
58
63
34
42
98
66
7
2
29
15
43
90
93
35
71
3
74
5
62
50
5
4
3
14 9
24
4
48
78
98
93
87
60
78
80
9
44
86
11
24
23 20
13
45
88
35
99
13
91
61
14
47
16
17
30
50
92
85
50
21
35
94
59
46
71
90
15 1
28
65
90
80
69
54
76
8
41
74
20
31
86
34
78
1
2 2
3
93
96
22 8
30
45
24
75
15
14
81
81
41
45
22
72
66
27
99
73
67
72
93
50
58
78
79
10 3
37
12
23
84
15
88
13
59
64
40
26
7 7
6
69
69
79
92
34
5
90
26 25
13
98
73
22
75
51
32
5
39
95
28
23
10
67
87
20
30
78
45
58
50
2
78
18
32
69
51
17 5
8
60
75
6
84
96
32
34
79
89
24
26
16
98
35
34
37
6
4 3
51
21
15
4
51
24 10
19
86
24
81
94
83
55
51
18
50
34
51
81
22
26
6
89
24
92
23
60
97
38
25
99
18 10
3
8
75
90
79
61
13
59
6
47
65
56
64
14
89
66
46
63
91
21 4
66
42
25
77
39
62
2
89
72
93
91
31
19
32
9
31
44
19
36
42
83
43
5 4
84
70
46
46
13
97
26 19
90
21
55
80
34
8
69
5
52
11
36
22
43
44
53
38
15
40
80
49
83
84
49
66
6
95
63
30 24
58
99
32
30
53
12
64
12
32
20
15
42
55
37
84
51
41
22
65
80
53
65
14
88
14
31
93
8
93
14
50
13 8
33
84
17
96
99
29
27
19
95
69
73
31
4
23
13 2
39
55
29
4
68
17
17
51
61
76
95
75
77
97
7 4
33
3
5
31
83
31
1
78
21 1
60
55
48
83
31
87
89
60
42
56
76
58
58
36
85
53
10
61
49
48
21
33
1 0
64
33
18 15
62
10
89
22
64
89
56
95
27
44
54
68
51
81
77
9
16
61
13
28 25
13
25
93
46
75
70
61
60
29
76
73
38
65
46
54
5
1
48
31
96
53
98
99
33
26
7
100
38
71
27 5
83
54
54
28
80
75
88
91
55
64
64
45
80
9
98
84
62
97
14
57
1
63
55
85
88
13
84
25
3 0
86
66
18
91
15 8
66
33
88
20
48
3
64
27
11
13
62
72
9
27
81
9
9 4
93
28
100
29
4
34
41
89
51
58
11 3
6
96
80
45
68
79
47
31
5
58
44
18
11 3
44
61
13
32
48
57
11
99
85
14
32
77
24 7
86
84
30
92
32
9
36
99
87
83
29
43
92
24
12
72
28
55
33
92
38
32
48
48
30
25 18
61
61
66
95
47
49
24
90
80
84
77
78
22
11
59
16
2
34
27
26
61
81
10
4
70
41
2 0
70
36
77
12 11
94
77
46
43
52
35
74
88
64
4
61
74
62
27 15
47
55
53
8
88
62
11
57
2
14
74
23
1
2
4
49
96
32
94
90
36
81
63
23
44
18
83
17
21 16
44
78
66
96
85
5
9
47
61
10
13
34
84
13
88
40
13
83
23
59
24
58
19 17
32
34
56
67
2
86
77
46
63
94
93
99
98
2
98
11
63
10
96
99
24 7
38
87
17
12
45
40
70
35
78
53
68
85
19
69
70
48
66
85
93
59
35
43
12
32
53
16 11
48
76
67
83
13
5
99
25
49
91
46
83
20
50
2
4
69
30 12
68
36
61
12
46
96
54
9
79
6
86
72
6
62
90
88
26
46
86
2
46
28
47
28
47
49
81
50
17
50
27
6 3
87
47
34
34
53
94
13
28 28
36
15
93
77
2
18
22
40
72
67
67
70
46
14
18
26
15
86
27
41
21
16
80
20
1
13
72
95
25
1 1
12
96
8 7
97
87
9
36
58
27
3
28
72
26 2
49
82
31
28
75
3
43
54
22
43
66
93
89
43
74
14
54
21
31
94
17
18
54
5
75
81
7
24 3
74
99
5
55
29
32
81
83
26
34
5
68
52
49
57
46
74
22
51
94
53
44
11
22
50
7 3
30
73
2
85
98
52
89
4
12 1
85
14
97
18
18
65
21
19
73
66
92
46
69
26 2
64
48
71
13
14
19
42
38
72
79
35
23
19
38
6
91
22
19
87
92
89
3
12
7
75
30
98
21 7
35
70
13
82
93
26
47
63
19
84
34
97
70
8
16
8
13
6
81
83
92
72
1 0
36
77
21 2
27
93
66
61
15
78
43
7
55
41
69
74
77
54
22
46
13
89
53
25
94
34
27 13
57
30
84
92
6
56
8
32
1
25
45
67
55
39
73
9
79
93
82
55
98
4
1
10
92
5
86
38
10 7
27
47
73
62
90
31
17
50
14
69
74
28 18
28
96
59
37
27
3
70
81
100
25
33
61
69
90
46
58
79
90
36
25
14
97
15
44
65
64
58
34
89
17 3
69
63
31
57
89
33
26
21
85
3
6
45
71
95
43
80
73
32
25 3
45
11
16
41
27
31
98
12
19
16
32
87
78
62
43
18
46
21
91
30
23
96
27
45
42
69
4 0
52
90
15
48
52
2 2
78
12
37
20 14
53
73
69
82
34
64
52
31
84
42
13
58
89
39
54
82
59
77
47
62
18
14 10
69
95
49
46
59
37
35
41
41
7
61
23
92
24
26
5 4
19
87
16
59
77
69
20 5
97
38
48
14
51
8
34
98
8
80
8
45
66
48
37
25
8
11
68
84
36
22 7
54
80
10
12
56
78
3
42
27
41
41
92
43
49
26
92
8
57
99
4
74
98
41
18 16
51
18
89
39
59
30
92
39
91
56
46
21
58
40
47
50
80
90
45
30 14
36
40
75
35
43
49
32
83
98
89
86
15
29
24
74
11
67
64
1
22
61
21
32
100
19
33
80
9
77
11
27
3 1
2
99
93
2
12 2
99
23
64
14
51
39
39
61
6
2
62
79
62
12 1
14
1
43
45
61
71
55
87
83
57
40
33
1
21 16
27
40
37
43
5
87
81
43
100
86
44
61
65
57
94
26
70
46
20
14
6
91
21 20
25
77
36
58
77
29
24
55
68
60
97
72
98
78
66
49
15
9
9
31
17
55
17 6
100
28
52
58
70
72
54
95
48
41
4
76
69
27
31
88
86
27
1 0
56
76
14 0
36
44
1
53
98
9
91
50
37
42
59
6
66
64
52
15 15
55
41
73
81
23
60
18
49
71
5
57
46
40
27
34
83
19 5
33
88
76
34
24
69
44
81
86
7
85
3
10
91
43
34
72
17
94
41
7 7
97
73
13
36
51
46
71
30
3 2
17
58
88
92
19 10
24
16
89
8
18
98
99
12
84
22
28
29
14
45
44
11
69
8
46
20
6 4
49
88
70
65
98
9
56
28 28
79
43
27
39
61
77
89
72
60
10
100
88
75
96
83
85
64
90
83
83
47
98
31
35
20
95
32
28
2
11 2
33
53
97
23
13
73
11
85
84
72
84
23
6 6
5
83
42
47
65
77
93
4 1
79
33
54
62
13
17 7
83
39
25
79
61
37
4
23
21
87
46
56
10
92
86
66
74
80
2 2
56
57
3
4 4
36
67
97
100
74
8 4
64
44
60
77
81
15
99
53
2
5 4
63
88
46
28
13
25
22 12
32
48
4
46
82
91
12
30
90
37
98
23
1
41
83
77
73
49
75
26
2
71
86
14 12
83
44
70
8
35
23
91
82
27
36
15
17
100
45
7
6 5
29
36
34
63
12
59
12
9 3
65
61
21
29
71
3
72
92
62
58
15 8
39
41
40
5
57
39
49
15
27
42
96
14
28
58
78
86
21 15
21
86
28
93
66
98
95
89
90
9
46
4
61
36
44
100
40
52
91
41
67
17
2 2
30
61
23
27 13
44
74
18
81
2
10
98
99
5
86
40
13
83
43
25
70
38
76
61
90
18
1
8
34
35
21
16
95
13 3
93
38
100
10
70
53
20
67
3
76
4
43
40
38
5 1
59
23
91
20
64
9
12 5
94
58
43
61
53
85
87
97
23
86
6
44
38
17 8
40
4
66
34
95
56
19
10
14
93
1
85
8
61
57
78
6
14
30 5
18
56
53
14
30
90
72
74
27
48
36
18
52
53
52
46
8
22
8
74
66
60
58
73
20
66
2
25
32
21
43
1 1
47
15
28 4
86
31
62
85
18
32
88
22
35
86
82
56
93
55
73
52
64
45
23
82
46
99
65
18
94
65
45
40
79
4 0
16
36
89
53
53
30 12
75
54
25
56
61
69
62
33
72
77
29
94
58
26
45
22
95
38
87
92
77
17
45
52
85
81
41
37
85
12
76
21 21
53
18
78
73
79
63
45
56
91
90
65
69
34
39
63
71
25
54
100
93
51
51
7 2
43
13
67
55
41
78
72
45
27 12
69
26
63
13
33
6
3
49
74
88
87
88
11
63
42
10
56
44
60
32
26
55
97
92
9
89
21
80
15 7
80
53
45
95
18
77
100
72
77
73
59
64
60
69
26
53
10 2
96
90
65
73
96
13
65
4
53
85
35
7 3
66
41
48
60
58
76
59
29
13 0
40
16
95
60
41
99
90
74
47
31
90
19
26
54
23 16
6
20
15
94
23
32
34
23
92
44
98
2
24
50
85
63
17
31
75
10
29
64
35
75
4 3
94
71
77
28
51
14 3
65
27
74
96
12
96
39
7
45
41
31
47
77
45
63
7 6
24
35
34
58
62
79
33
7
9 8
86
99
42
85
15
20
58
63
32
5
1 1
49
93
20 10
69
17
62
75
87
85
62
21
95
75
99
27
81
100
88
66
98
81
2
13
1
1 0
84
15
7 0
16
20
45
62
88
13
23
15
29 19
28
19
54
2
70
32
82
69
19
99
18
52
1
82
4
11
8
39
78
35
63
93
6
59
6
93
71
81
59
70
12 8
40
97
87
9
28
20
29
99
19
99
50
19
80
