11
12
6
4
3
2
12
7
9
10
6
12
8
4
3
8
12
2
11
5
4
8
7
13
5
7
8
6
5
11
11
4
11
5
10
2
9
8
9
6
4
1
4
13
4
6
7
5
7
6
11
12
2
6
1
7
12
10
12
6
7
11
9
4
5
5
8
13
1
3
5
6
5
8
5
10
2
13
1
10
8
13
9
9
6
9
2
6
5
3
11
13
13
7
5
6
11
12
5
1
3
9
6
7
5
13
4
8
12
6
5
6
8
2
4
13
12
5
5
5
9
3
6
11
11
10
3
10
11
8
10
13
5
5
7
12
4
12
6
2
6
12
10
13
2
13
1
2
6
6
6
2
10
11
12
9
10
1
5
7
10
2
6
4
6
1
2
11
1
9
12
7
10
10
8
11
11
9
13
6
3
7
7
1
5
7
9
1
9
13
9
8
3
1
11
10
4
1
7
6
9
8
1
5
4
9
5
4
4
6
9
8
12
4
8
5
10
3
7
7
2
2
1
7
5
13
3
10
13
10
2
9
4
3
2
9
13
8
12
5
13
7
12
12
12
6
5
8
10
12
4
13
2
6
6
6
6
9
4
7
7
6
4
10
10
6
7
9
2
8
2
2
3
13
2
2
7
6
9
5
6
1
4
8
7
10
2
1
7
6
7
13
13
13
9
11
7
4
8
8
11
9
9
1
10
12
2
5
5
12
9
12
13
12
6
8
10
10
10
3
4
5
2
3
4
12
13
10
3
9
5
13
4
2
2
13
1
3
6
7
4
1
5
5
1
13
12
11
9
10
13
1
1
4
3
5
2
4
3
6
12
9
6
4
11
9
5
13
1
10
6
4
12
12
8
12
11
8
11
8
4
13
8
4
3
12
10
6
4
13
12
4
8
6
7
7
1
13
6
1
11
13
6
9
12
13
10
11
9
7
8
1
8
2
5
10
3
3
5
6
2
3
12
12
8
5
5
10
7
13
13
4
12
5
13
12
7
11
12
2
4
6
3
1
9
9
10
11
11
1
6
2
5
4
13
12
10
6
11
3
5
10
9
6
1
10
6
7
7
6
11
12
11
2
12
9
10
11
6
9
11
13
12
3
3
11
3
2
6
13
4
12
9
1
6
12
10
1
5
3
6
2
2
6
3
13
1
1
12
8
12
10
8
10
1
12
10
5
13
2
7
6
13
4
6
8
2
3
8
7
7
13
10
8
5
2
10
5
4
8
13
2
6
9
12
8
7
8
13
9
11
6
1
12
9
8
6
13
12
13
8
6
2
4
2
6
7
13
13
13
10
12
1
4
7
1
12
2
10
13
10
9
5
12
8
2
9
13
1
7
2
10
1
3
3
3
10
9
4
9
10
13
9
13
4
4
13
2
6
12
3
4
7
7
3
3
10
13
5
13
6
6
9
7
10
11
11
6
9
3
4
5
3
12
4
8
3
6
11
8
6
13
13
12
8
4
4
4
3
8
5
9
2
3
4
11
2
3
5
10
5
8
4
9
7
9
0
