10000
1
2
3
4
5
6
7
8
9
10
14094711
21051094
10166507
29233941
10682813
18068339
23807420
17873979
1127172
14837671
3171931
2514960
9899388
28804808
6477124
11405080
23933873
13914959
11005237
2718576
442242
15190230
23342259
2167706
27254433
28470601
21447469
29952546
25312302
5290269
233
3731179
29801424
25566773
10193503
16436270
6677240
26589878
4099250
17363093
13021690
21890514
24757270
30000000
8658980
21091053
25480425
200319
26760966
20812292
3723615
25768310
8966714
19280135
20160863
28973421
11637058
24564346
23467019
7877321
29537964
944809
249317
21408593
6026276
20683368
1667479
2376818
5408542
9173605
2292796
29389535
29456708
750876
11854869
27472632
8945795
4686162
3293501
8915
25402360
11125002
18824992
19909996
20331487
3622765
7063180
25540386
3702869
13692904
22902961
26598882
6453491
3838137
26010593
68919
16378837
22434626
1868530
9947
16618828
1240912
25788309
8345981
11937739
25890420
6959946
5935203
19954966
7212731
21094771
5062123
4111347
23021662
6081203
11267142
7459079
25118420
15240435
66846
27141407
28337405
1287557
4118138
11869787
27375482
25941622
28131857
1342770
9021327
14191069
16976296
28231018
22215227
13226993
5262280
3506716
6984349
12378939
11197092
11630848
19524258
5211776
16253512
26619501
4528861
15892787
23173592
16338006
14077264
24483758
19118677
26918801
1356593
25892220
25402083
878288
11088445
501555
10237513
4723439
12838470
16826169
14445741
11853638
11524933
3450475
23639335
25907539
14864208
13676252
29325572
8953469
16140763
13820072
543541
13059590
14225644
7336861
13581381
4668760
24985580
28508471
13826918
1478607
13604495
22970186
7690571
3410980
26296019
25775950
29232569
8604009
29861091
938409
5523754
15294841
16772603
10762586
7372279
2092779
12095031
23220074
8224707
20317031
13675908
3489443
28780104
27208844
4554609
22382446
4221673
20514954
952632
25703277
1829452
12497358
22458615
9922262
5507236
7237348
10565065
15677679
27745037
20844864
14278727
7282914
11300723
25521840
7717592
1751169
11678111
48119
6143323
12532244
12504865
13368865
8672061
1525045
4363191
23714213
15762531
21029470
25763593
3542611
21930936
19992781
8077636
15769661
2170254
28966536
735028
17443014
13615030
1784731
3962701
6515885
20905074
29804038
2347861
540578
2988546
25202100
24056872
8423136
10711553
13988021
9016162
14327853
7248103
40991
19748833
9412178
25797860
11466849
26453376
11931037
8989089
22651527
21408097
28171893
7597410
23968444
6847887
15444917
12219846
23986572
27304479
15986127
838951
3636895
11811346
8336544
24814912
18033051
8334632
28599474
13147399
7118006
6017972
7998724
16239531
8291484
24309946
8942589
1612729
6160821
1946732
1820681
16531536
932532
22554488
23289791
13097448
4218244
23384590
11233399
1907191
18212471
28363960
27179179
14834095
14194962
26046139
6965222
5139568
4497205
316117
11924014
9555
9792025
992156
21591035
19261798
26161346
26854242
6168036
16649889
11361445
13873839
19301500
19013484
11952475
1141414
23720798
23652477
18511551
6517139
92947
3772015
27594078
305940
7552208
23926877
5007467
28415589
6477041
8508411
7008332
7994385
3203380
16755698
29918668
25231803
18574045
23966243
8464925
4189775
19093431
8424703
16832713
11664897
5897012
20141280
5266319
9820274
25716181
12303460
24025367
25646769
12548799
10951943
19076318
5955799
1500848
4694566
29663949
23748685
9870927
22247620
17834690
18742339
14253521
6950826
17897209
6583566
4348185
8264574
28332561
12504897
3195763
26607558
2327467
25900688
16306040
2883775
26406388
15622472
19371914
24347898
14460349
14715760
24554920
4251787
4394675
13216038
17186659
54841
10672818
2781053
29517107
2998356
2142565
5331917
22315268
8032417
18545087
22488800
6598429
5327818
9127042
13403345
12518414
6795211
28315049
13847898
26883208
9175785
14725109
1211638
12172663
2201802
26677763
4765289
14423619
19567692
14382394
21889
7269194
21545869
18206668
29431722
15231570
25436568
7572389
3375208
16179032
28745339
9108215
23712097
20629796
11827925
15587121
9663342
29113550
25611060
23542540
25110299
24692613
21726936
16978770
6259290
5763029
21909679
24394838
17267568
28022854
3008760
26214830
15343789
22434188
2929
14655359
17704700
8114628
25440419
6032493
24188833
20146953
25572971
16377040
29613684
7676354
2320574
4088841
14431967
11183831
16649641
25851458
7892809
3119442
2730344
22095048
10216988
25918026
22662779
23087044
793337
27596205
25714842
16422195
24771483
3982896
14432478
21205182
962660
13837779
27341315
19495727
14486172
10167067
4827296
19016160
8548288
21193118
19395146
12619036
29439338
4558330
4187234
22944867
20691492
20736234
16747788
2699122
2068170
12839978
14533207
979
19538128
21443302
13641848
27535165
20931264
19069704
27645599
29504264
10144009
1936851
14174124
1995121
20578102
5125819
14669224
10619724
15948886
4417830
5768965
18488344
5135381
23094949
6776172
11651978
17054694
500375
19601665
19855954
20603032
16360911
20096970
29950298
7664820
18362185
28794721
17322513
9992500
29431014
4217764
20849653
13294502
18148412
15228127
20897771
28381639
27210361
26711495
25917101
1391068
20995479
21509337
27274889
3521484
3415819
8891442
29980701
15986201
26100389
22132024
28006935
4592170
25079768
28561315
18454087
1691023
23202389
14710128
26889722
1438158
10998725
20882932
21437697
10711500
25627694
27578273
855079
445483
4022
7615989
27051821
3692095
13121515
8453354
18427309
11417405
27595729
23975093
22272164
20724287
17507705
17580170
23160534
18767120
12722591
19130699
4982568
22488912
2137173
21305871
3573591
21660825
17980006
22908744
3076437
26607094
18882481
19837760
19400656
23287566
26169226
24800971
9215304
10084767
13866946
8494358
16552422
17881013
22715240
28383771
12935272
14215396
14922342
29317005
22729074
1967349
3574737
9223800
5050698
29064458
28565257
2824400
12552919
6238456
13163652
638637
6650535
18657181
16042162
10408163
8243115
10448063
8449072
2488477
3196208
17129259
24858479
17279654
6600983
18662135
19290990
2459957
987843
23639358
19146181
11896358
5082252
20530250
8186440
28937106
11509941
11331455
18725986
27916001
23229123
23537443
12107711
22890207
9078121
27715974
19387364
7726854
4303395
28133133
6326934
1688193
3367445
25398796
1222134
5022215
7163926
3526446
15402586
20587025
19632834
10197026
26868493
13370891
3148239
579132
11804856
11619568
14437921
18511180
1027497
11482874
9769810
2928523
25803108
28204310
10969700
27568045
13940913
23466463
10725995
9514044
26005752
2571876
14321109
12389628
3297167
28439985
20998996
27481600
10883727
16092983
11111194
18191871
5428160
3152050
23508733
22078565
27835613
16143240
14119235
11597433
20841450
18042526
12450682
8322211
17182355
11421377
15635950
8706001
29994482
3996725
24819800
3019776
6497311
3849375
22578942
578438
19980617
10341904
4686850
3388909
11759415
17287020
15222249
21424895
21709748
5754508
28821055
26245925
11036949
6976157
3990826
23269638
27439281
14051526
17327994
20739537
16406037
20081064
5914129
2008503
12241632
28558264
9647938
13321284
11397396
6081780
25159864
14457670
13520132
16996938
10961719
25296209
7348829
13019399
27050088
17023290
6715331
11032353
2159022
1088291
6380832
13190130
21587080
22710473
10854577
15596335
19129686
11773971
10880780
18095327
24164802
4024241
26229515
15050654
27430338
487129
28315973
27756589
4824977
22244891
15140096
28496124
5616761
12685390
26523287
28526149
9940061
7037760
22704618
7451220
13472471
13087134
13305925
24221340
17147825
28104744
22163675
12225047
19891710
13828143
27926019
18936660
25465972
12949437
5945174
6755848
18789897
9623324
2033130
5592227
12427772
28484339
20310691
905163
19811436
12038332
28184345
4596221
6406247
8491989
22554929
10666486
24475628
16641828
11750069
256451
19210528
5492153
10550503
20579487
20450546
8301706
1301029
14855827
1075286
29509823
14027685
10135988
12250975
20923589
4625535
14040486
29188252
25873919
10865108
977568
10286994
26644116
3979883
19117607
16606296
5344271
20036175
29126549
28477603
9086596
2859106
9552300
22907906
4300219
17074742
17463981
24683063
28165205
22401675
24682036
14325569
21153356
19071308
9783461
5175696
22140877
10952604
8546117
22618167
10240997
3960905
11528382
10106307
29585916
5041142
12256845
24194402
11579594
28781279
24885131
17181945
3600558
568017
1637466
14999215
1309277
7799714
11739079
28711657
360515
12537196
1525059
7179864
18326306
19455984
5552692
27342903
10699522
27369472
13254869
29340651
24761000
7901832
8923423
10509827
28000101
5921154
19137508
4614111
9027848
1204617
11686712
18869384
19549650
14114836
19741371
16870736
16262713
3513250
6607621
17481272
14616534
2133746
16601760
3254221
16775846
17876085
17429888
2510573
16187183
23458759
1820157
14394515
2831901
22408317
9523613
5807832
22322206
11673877
16630739
28143702
26009773
8441324
21361181
12010670
6734099
25149381
25488461
14447583
2259689
20886821
7586788
13666851
10526984
23599929
1468019
21367270
8848910
16812181
18929250
25390584
15044576
6392370
8780462
10279693
21191650
5534684
22330151
26721137
12045472
11878662
21752994
25915476
24812574
11049648
9667178
9787448
13716874
13819582
10718310
3887233
3876011
2784106
12631638
2641280
18723810
28603849
8463233
4357957
6853877
16617664
27238838
26325796
22855447
1918476
17299083
5410554
24193008
25871960
14694466
26228507
29857104
22705637
17464733
28824710
24655397
12664291
6567260
25946404
27933085
19749914
5598054
26834509
1523681
473060
9615
1360136
27282047
7696081
8236039
3840961
22994377
28508095
6295838
25360446
549338
26234479
21625318
25260864
12173781
6225027
26614089
16549742
13264333
336280
2233176
22927799
15889821
2072259
10872390
10387568
28747602
18366034
3923706
19866402
26797469
21131437
21087047
28337307
26039910
18776430
15495001
8218186
7574653
3467875
23684928
25127462
22084279
20257265
15926793
11336191
26856460
13953787
26117309
11571354
2520824
29388359
11399879
4080630
15246997
8238515
16847644
24873125
15897548
22800771
17113103
22519275
25160000
27727204
11494675
2155324
14752907
3601741
12982434
5942670
9590597
12781730
22651696
3573355
15086885
22411588
12903097
955332
16128440
22040153
23788011
13301334
12854954
16463797
28963195
3802860
507047
22289363
11637427
406759
23092989
4649831
4284704
1919747
1941248
17257093
10319506
14734835
6813567
24881215
4952457
5292191
13566557
6672615
25489410
15434577
4131746
26421972
23126505
12450951
24760547
5001849
1790401
4750671
20561621
14372693
26109424
711061
25407882
3748871
12244047
1128610
13221832
19979927
17469686
10790788
3046930
28134757
4292640
22854509
4108322
8238152
20168942
18355537
10469375
21232970
14054101
21832199
11515714
8126091
1185842
1025479
29094450
24682721
73652
25392418
15525228
2723265
4660560
27449976
16951731
26280288
18456590
7361101
792284
22712571
12200413
20602885
3406037
6926087
22920167
14519737
13214487
11362237
9974834
14397504
19310170
23608306
23341083
6465627
17334629
11697553
6041002
10588432
9404748
8340333
14198124
15983923
20478120
26161936
26710086
2589819
21670526
5671845
8713239
15475524
17991536
18877197
26360357
17820538
8247974
10400817
5079451
28082845
9196661
21595614
20833165
541398
15629569
1518893
21190227
14597281
12548145
14772405
11182355
15867886
19903688
24209053
17513602
7665680
11949319
16781117
23687557
11016607
13347252
22424766
4251533
18589460
19653617
1137006
13381223
14457040
11212654
24912225
2174303
16246740
21755127
12555007
17552153
14731628
19105623
24619465
26802752
29598870
4062590
7442350
4734668
4120727
23474885
9389336
28057690
20682127
26799354
22610525
14092958
20557935
10096095
27093109
8231802
5973907
27409544
16147882
1742620
13488312
15751470
7108563
13784732
7753710
4909463
1691345
23586745
7193626
6541890
499970
14224178
18165482
431032
9833448
7500022
12468210
7646329
28041305
28803595
2735273
19156602
8062804
23848988
15482348
6036721
28363535
14679968
16447393
10845174
29282900
7840417
12739737
20830178
6962558
15199666
2041168
10451017
9920679
1275355
1085944
22619508
26636323
1772268
19516479
18376025
19795983
17109756
3307054
17268769
4357109
26807194
25127781
17619393
6410482
7959005
26268698
4898
20106682
10083746
16676479
20013759
8226461
4570110
13018818
24994092
4255496
29778294
18040826
27410192
23074954
28956768
718878
8072799
13204857
5963034
19342104
6867590
18821437
6577668
7569535
18962253
9681847
12647361
18582958
18472747
22480782
20350983
22764242
28882058
29386021
17304351
16760228
4127048
26583551
13523502
2922112
18304448
21711950
21641989
7699922
11307916
2144881
12180131
2397689
13956938
19469388
28850195
6225694
8924933
17356457
4578932
5945156
8864657
18145803
21975745
8287112
20387347
10883357
247130
6915298
14914100
12319561
7643800
1023766
29809056
10487120
16571602
18313292
2502266
14030558
25554134
26276280
11414224
12996218
21987589
25381100
23817967
15708078
17934026
27454617
16358046
3305725
12716125
15706616
11641587
4135624
25853668
7734450
8564569
29051088
27368425
28986168
25304283
20699220
13259482
13430669
1758074
19183014
8028795
10932918
24400674
21276543
406292
24284166
17648607
22864223
11427277
9220885
4683771
7609914
1440946
8573967
16976507
22201101
10063106
17815551
15494851
12550953
19248741
23880551
21114301
24568970
25586872
21104496
19481035
9702155
15047554
11542984
28461556
14512961
10859901
13441554
12664739
18989504
980166
21736463
23663110
1603692
2306641
367950
8311013
7030658
4827161
24652095
20581806
24632240
5231746
10618657
9317650
12036627
23107599
10836021
7611682
26404955
8168179
22399882
25756357
24418674
9366053
12968954
28664498
8944232
6791871
140263
21268272
23216547
12605553
25598690
21471819
21406744
5886624
26295097
13462660
2964661
10260208
26106097
6751333
3279185
21534611
22805715
25774321
19681180
11137810
28603624
20796716
8749253
18062073
23494697
6874650
17719544
23289734
5513969
24434843
14247197
15242529
16984035
13182493
14990868
12618476
2248701
1928264
21398376
19341754
19683797
23165667
28438987
2474537
15841954
716471
11409050
8360707
7894913
16931038
26136707
8423020
8740205
16850193
22633854
21361365
19655738
25752073
1654528
27976534
17578633
5691418
11814785
23836334
29033233
9209717
27205652
838500
19574365
25455073
23267272
27280932
4730349
5090824
2405576
12794651
737301
19621580
4933068
16048517
14792085
28476721
16126354
26951549
2604517
6567343
10626452
14469042
21564937
24924827
11936318
5772644
7102303
17741362
17013167
16708670
13061279
19548180
14829070
25452399
16199264
24504616
11204212
10760530
15593734
6780129
13677022
7435948
27395142
12418826
9935674
3786931
6532945
13678818
1604408
26396266
8752299
8192190
8482981
2188828
2749290
828849
23944807
15351481
20256628
57389
8778043
17889016
5852816
19901961
14666623
25186056
14765858
9940417
878099
20383107
20154753
9812625
7504045
2650114
12277932
12437980
25523624
17106193
8117450
16917619
9343613
5864237
25831239
24133284
8342363
5521384
4395694
28731795
1303954
694417
29065286
14806784
24383641
235566
19263218
11892403
1159819
13614311
17986024
29021490
11847596
979604
10932258
11248239
26561354
27677471
24795709
9651183
27211387
11587438
15672085
892807
6965258
438863
21482472
22002723
6743587
14864966
27204344
2541924
12489477
10391606
26562530
17578540
28462910
15862558
6283182
2438061
10865790
17538962
1748561
2663743
28840390
2166699
28338007
20703879
7098740
7413867
20147561
23329950
6726864
21946895
11671524
20629327
2282671
15883116
21831634
27821609
25365482
13340590
11690764
22994188
18902793
851491
19570637
21973445
6112315
16854677
3380744
3524806
12880520
16561536
2063055
7699964
16645558
15512616
26174782
27817242
9821106
15094211
1891720
3930108
27924116
29440597
21872684
928472
7484016
4878047
2509431
16818282
6876237
26784045
23141186
10207283
668406
14602877
9694577
2990213
13173076
859580
15778346
7852964
13465072
22756758
4719016
6606098
25757950
16694412
29192337
17135678
7443677
27095862
15565068
2863264
25084133
16737416
17702305
9164744
2303692
22476745
23577313
25633070
2136444
642400
14813690
7262491
17946371
10524731
3896863
5036743
3252880
9302999
4693500
18522840
2797908
22113019
27046994
8344858
14862393
1827383
3407067
24134260
623442
22562090
17205116
24449216
29822895
29003085
22719312
1629159
17542516
12431476
16154931
13572762
11732107
21297040
7756239
2158820
16726573
18671946
28588101
3812526
194794
5622449
11365029
9734409
18546590
10034083
1029667
7198260
7632060
21567656
25322261
20493697
4121056
13078156
15553548
16702060
28682609
4588528
10247733
23973120
12302943
10777720
15022441
26102688
10727940
11506760
8486105
18543806
6068752
29709683
28575011
12044837
13154135
28098083
28297576
3233577
18162335
24130095
19114175
22593843
3863930
19875144
15751078
16187356
10237954
19837662
1939798
25998075
15223168
15646698
9766932
8448115
18744641
16016893
29798548
4409629
14405883
3988584
26440551
6665457
28408165
26442123
5710990
1596372
28184655
15140318
29547715
4856805
29721337
20485215
2290285
14977412
28572017
4527312
3980347
314716
5473173
19496223
9846496
19480724
2366867
22033833
25601628
29836374
26171413
26535656
9138190
14123364
15940311
6289616
11830548
20426961
8673082
548874
17704150
2469228
19776258
18660694
29057738
9447941
14160885
9771380
12361646
4332781
27441100
9751107
28340681
2162972
13488742
10515092
14409872
13685012
7922019
20253014
2763923
10670533
21037350
10296578
22631499
16965956
11294938
6939510
7388808
18147470
18606158
17569311
21215675
26756434
8279667
4863910
1163080
2436516
17313158
8790812
10885152
13661188
11556745
29917325
26285559
6608876
701913
27373864
2502487
29503067
5381818
22072730
9184765
20789670
27628482
12565878
27220534
23090059
19870072
882871
8679930
1277249
4732720
29362429
598907
5320223
26544397
20995580
11723655
10274441
18515822
13384866
13517894
13126724
19824412
9598984
5713911
3131649
13754617
21020568
23087598
3605262
694868
12037903
18569997
23229469
5094800
21969250
10819763
24079197
12880155
29927271
3947505
18528700
26189309
10188715
26058750
9922946
10690506
23076511
24776362
3590337
5755420
14112106
22257809
6006965
27510275
237550
21727633
9058940
13733393
21158960
19467610
22466726
18754364
25293696
25878086
3270811
1834038
25825601
28239089
14036207
1567428
16329988
21363055
14117089
20222337
2072240
27697693
27403700
18431240
253997
3162287
7099987
15970259
7874618
20419138
21945112
10357672
29453062
24963570
9550455
7338883
13190607
21147302
17297264
5183400
4401366
442743
12011278
28853367
22325962
11623718
10453417
8820511
430502
27565095
6763768
11935985
22601716
24206132
13733378
20079758
6144025
22841515
3046746
26917555
16701703
3714265
2384657
25101677
4640442
317963
28534039
13977308
28419763
10345526
2486667
3538608
17402252
17022046
10676576
8346949
8937962
27675552
23349966
7797370
13720856
23127125
3471097
4803612
5701109
20759255
15828642
12396215
25337370
10462919
19742524
2859784
12536591
19993202
3372701
23140610
22485498
28820286
12656731
15190212
2296440
7087265
2474668
11588223
5106858
2143196
20121810
16637337
17293620
29178080
1408402
2613909
20332156
17291248
24834504
14363842
23884914
12249194
15910469
14100773
10463488
21161926
13764410
8191619
27359207
13663931
11335653
21348859
9246022
461742
29609656
23325676
28863434
24010816
679911
1729886
10127553
9866494
2596674
19127267
4034579
17571502
4521043
5974879
18151897
4373094
23227973
28402086
27781375
28396212
20475538
17147003
24531134
19285988
22340558
6003651
2478930
16525575
347113
16378701
19935171
13703578
27604777
10189969
6686700
28003055
28675783
22886094
1257228
2178222
12244183
7886082
6970412
28179794
12901735
27615967
1519295
25521727
11098179
22089830
1769254
8639975
15071916
8505336
26246212
15252656
6891302
7046188
635954
23576707
23228563
29058067
8118195
23564048
18089238
20782329
29416306
1039471
9047141
9470597
5473236
7669455
17713
12892961
2199174
17144403
4457914
12622940
16157885
6958017
13409527
26062258
1336857
7269662
2671428
27650105
25224153
23744134
20442384
7016261
28161957
24380947
29853237
11607560
21153995
3678247
7210560
2947497
1738266
29890231
4173252
8931895
385110
29622592
3170779
15650131
25582250
21553437
13840709
10766086
20924460
22382471
8097159
4437949
13698330
15321129
28895137
21463522
28008777
20384473
427361
2043345
20204328
994708
25129341
20793098
24591909
24420192
28909735
2519196
7568045
20739642
20261118
8589959
2972682
23580224
3464708
6005324
7031577
19168228
1438979
20839356
12028090
13074189
24168033
14194328
6025621
5781423
7669504
29888983
15166921
17085613
2028925
3991426
21582905
13013044
20982407
22254912
5467256
124227
19220874
27087645
12117150
24424771
5089589
27904857
13656741
11850292
17356133
10067054
14065244
29496551
421125
5710875
11085
11435651
4013342
28435350
26953341
23675174
2525254
3843803
27315284
23086437
21495030
10556894
22074346
14535166
6617728
12612600
7774129
24486764
5253418
28032038
4637249
2692440
28418620
25416388
21391357
5966092
11655556
6453227
2304170
9379996
8334184
22274574
4816476
16615156
24006411
16960223
27346122
12656834
18233653
27340820
957621
5307774
14614523
4808081
6629668
20697142
14082340
2537982
9311025
25029998
2274548
18347451
29947500
10536334
27077697
18830948
762062
2306021
23856510
9159487
10188545
26665464
849139
26914641
3187272
462724
15605576
15490523
25949438
19911437
14511848
29987229
6847295
25218118
23978578
6228104
29387176
3168491
19084494
20672458
25830696
6873191
27166258
8561016
25461203
19748102
25662087
4469784
14155001
14709625
21463180
13186377
6285311
21246641
22005612
26419586
2267120
22994636
3801436
879234
24965995
22684449
25054514
22462603
17081625
13657539
6550487
23497736
5808074
14165664
16350342
4615412
22560049
21546797
24187362
3429432
3062820
8556802
12782989
12439154
15796415
23780185
21268913
11929787
17904730
3938670
22496826
23020205
19076042
13105374
4436041
10276917
7149264
14429148
8390490
28700800
27594084
635926
17188533
26659700
6134971
21422206
28475800
24009369
15944227
28034451
24624385
25097473
7698050
4024965
8834383
15505504
39037
14380925
3123736
13300239
13439459
16079453
15689036
19551774
24705937
23070919
26500003
54388
29861492
4865541
16639476
9437382
10324293
849456
7820902
29602227
9413428
3760561
28285006
1884321
14227166
5323359
38061
425178
23349747
23444732
10518574
12925902
16990773
4702563
11135788
11487485
15212606
1116363
23211118
18695653
7203227
15943260
408103
8691876
26995957
14105833
23756346
1363645
20469848
18410932
25051450
23670558
27573290
22302879
16511102
29573715
21751419
19019299
20251692
3631540
17876621
20185834
892002
24491320
28780866
19514916
8950719
26333536
19871952
14739632
4792615
6084836
21076851
20218753
1039265
13570780
8384371
18292841
14033799
1588590
343837
25069847
6523458
16150735
463802
3557737
15369025
6932775
21205882
28909910
17728346
6724581
28432972
25559085
20705985
9096827
15415650
28716880
2904397
10716384
5937217
22077796
27054281
8556171
1651102
427336
22037346
14980987
29459404
27560708
12442506
15450564
20914721
7204687
25656347
17944987
15435778
4806364
17226477
9284036
8767191
24271170
20379457
8716370
8000339
27078717
2196807
529528
19070506
125480
20507645
7523761
12620143
19207597
12125237
16390711
24359903
5051897
28414033
29835607
16850357
29858824
1429628
6794396
22200441
13070106
7352158
11551312
20892443
1771854
3224438
11299296
18979094
24113334
15432449
1257910
12087672
15136659
4101297
1741957
1126015
22546310
15011501
5947803
9162471
4364431
16811269
1901535
18159005
20727295
23392863
1469453
3444079
25586958
22327813
20319099
25545950
24707267
23728208
7179982
27093923
12299969
317283
1855808
20053139
2815236
20525791
29353698
13404461
4145785
27475267
87565
17059185
8899189
8352058
12650689
25695771
28859645
29491613
25997106
22674213
9537780
6108677
3412929
5144004
3619773
26595358
15681480
15696921
28493293
14251768
26036113
165846
602848
12256389
19636356
10076992
4190458
18125773
12388977
2881885
14239036
24701643
17540620
29079356
6469308
6816732
28207446
6108820
9031479
22988096
26286420
19121567
19278120
5248285
18606940
774233
12703621
24565724
25223531
13008862
13574614
22057647
12992590
17759117
24385874
4418624
27747903
509646
24581299
13371894
11553170
26084995
5412727
23953338
21102835
22513124
27939558
17786079
26589753
10356407
5307872
10113318
28854821
11625660
293866
22940478
13783138
20943445
8463025
18783309
25375275
929715
26182662
6766500
9661166
3144055
17459951
4035860
26467495
7718638
15285775
17976053
3601269
22815680
9412803
19777986
8906340
2290738
2062319
9825745
28624403
1184937
15648765
29940157
15134346
14798345
4179012
23291590
21504758
26273177
19786312
16124549
6152826
6775816
9628310
22324601
6474476
4485626
14672501
20874904
14516369
28081077
25521850
5573009
20590451
7491700
28475508
5427175
6021359
9540175
12357661
23193082
10603296
26954312
11661103
28341219
29159708
19027565
29627589
29822120
25076367
4706428
1831051
20652883
6582498
28470203
26658074
18511724
6512263
17260982
3841657
422679
8784977
9037925
20520339
20320899
7015111
27272078
29429099
25105089
29110233
70732
19325597
6891479
15349308
10588074
26521573
14064372
21616742
28364817
23154970
23510671
23306860
16268886
21400691
26967869
21790001
14221091
27359849
7260331
19731021
18960996
14326830
19589427
13391675
11480275
3265949
19634844
23835519
22556351
1057006
4433814
20558422
345282
9903863
22720658
20779555
10076755
4671765
8882939
17040719
2396987
23228502
309158
26449706
17044941
10267758
22561359
16605449
2504973
21240228
17171951
20495854
13519588
23847126
4187800
22149234
6039664
1857910
21476867
29827342
20012314
10073206
10167387
12320158
26517468
25149525
16366219
4742053
19740895
28255262
25784348
5668402
338473
564287
8800394
10723792
14094869
3753316
26452036
1815758
11201200
15613636
26383287
14940624
28512716
6229886
28072445
2789187
16507699
24733789
2579945
14848819
6727174
7048984
5311111
19293778
5014485
1193998
22012711
25097575
24638186
8549724
25470512
5378494
29114349
8142497
8564501
2713609
15687781
16498101
21275410
6604375
15636355
16346528
14656179
14420607
3685688
22917732
3012431
15949998
393431
882905
20123962
14625075
28963348
24184236
9559392
10625279
1574074
28863356
22661982
28403244
20733169
3573747
3961629
25824009
23048615
12675116
26150573
28393453
7225407
22983133
20127762
12461202
5095491
5817579
16779350
16749734
26225421
3819406
11525185
5080778
22696774
10927114
25620531
17629098
23716656
1531889
26829762
13347826
25862241
7397903
4584569
1190927
29347465
4078224
29506840
20218555
16066932
28279049
15404259
10920681
19765956
1063596
553555
20614895
21118725
682656
5654557
19351647
19218731
27806495
10961172
28132792
4857481
3492873
18519787
9747711
15882310
22763303
28236998
6437487
19843669
18470812
16105289
11076704
26540819
10948735
17741732
27422920
20899219
25882220
3527213
13046917
23887513
24684076
19900826
12375213
28930150
26917553
9556079
16975410
2287519
15924851
3186485
29905262
9620572
17181263
27580814
5636303
20631486
18746101
9377375
21781811
13554864
11222319
18995281
24091860
14357952
12513816
14774499
9282980
4425755
26861893
24136880
14839467
11487605
26806456
4595380
1867056
27757321
8300415
8895929
17447282
12953398
28775381
12540529
26792609
18183750
3392706
16556036
11488017
640373
15329890
24611104
26411702
28028230
23215901
12244739
24363485
25632400
20044405
22934172
17045748
23269247
27578865
18607867
3878381
669957
25806677
4358833
24259002
16195541
3142988
7138964
2909771
19706200
18344679
17688884
20401422
15905253
1075891
15717652
22970779
29698351
28470740
5970041
21396400
10364821
25102241
11863578
154646
24810573
13484036
21014645
21604109
28345766
5442972
4754191
2414284
2493324
21957139
12599584
27069662
13688278
9031659
22596499
17391012
2507041
15148447
5114554
730322
13370261
4900207
10592193
26446150
12521300
21023698
10154845
7188219
6219397
8210656
9403968
25678757
12290111
27418294
4264521
1284258
19925373
23610879
3308986
4886260
143452
20469254
9238829
18182759
8565309
28454880
16558611
14356385
29581239
29740151
16898378
26182272
10906954
16078180
4160114
3742033
10381032
2124102
25494518
5527163
83713
29863567
15265905
18766781
12292114
1730036
18783566
10079958
22195242
26980420
14067857
1022308
11683358
8100369
2318531
8139673
26837830
18968827
26261251
1204403
9146253
13517987
25027201
27055005
10621402
27171970
12806123
20830076
12379020
1654533
9012358
25486917
12513570
29870271
15916250
28111303
22425445
15951494
18673210
14493924
9646248
10441634
19355530
20370804
18644278
23938230
13444796
22688490
24113916
23270734
14863575
16111012
14271989
10315607
9631521
10164468
10808245
20126816
12296037
16866347
20088514
22218513
25505567
9768873
10160678
2344788
5667927
11275861
8186945
17422440
11170092
23808667
2251899
12097088
18628180
20172075
9261780
7768010
29600063
15260918
24834065
10552625
14621750
5480353
18368927
3120570
16206469
19530412
22989475
11184401
27871086
1474394
4012195
5895429
23074273
10944586
19266480
8747590
13577026
16803038
16969219
20370295
27849383
27663480
27855674
28960674
7678926
9118375
17898563
8483973
5536881
9042886
26850287
25131676
24044195
7995410
4412501
11151061
28679970
6787216
26907628
7995005
13954807
8149281
9513531
24094390
20284072
6395394
13666788
11326839
26779595
3218804
2628535
23025633
5945118
269851
20545742
9807685
1219306
23674706
20787710
13941794
28565344
11244228
29481718
15245271
29175729
10686849
7861158
10381468
11674735
26482328
7144161
5344779
16594300
11384559
5304605
10738651
27990220
27387390
7950315
4080313
23681147
9298840
22741123
8228488
26773899
13944778
12549534
27332853
16192892
23340165
4455057
25722156
5950741
1508923
18933034
29740909
25691492
24528618
14711203
26151445
20657856
11077700
26597585
3726114
17368108
9513463
13442936
25627483
14369213
15143864
29113784
28923548
9915051
15393913
14627508
7983884
26232042
25213587
11469059
20756184
23142987
28451578
2157486
20682275
4751443
22452079
17879137
4639769
534397
10349362
19307416
19589762
426412
1721174
7075644
20360383
6622911
17351808
18620542
680417
356570
2083505
19063
8495573
15232648
12555763
21975480
2180846
16120008
29933629
24477438
16046911
22998005
19988548
20269412
29797358
28359976
4883467
9490560
10197045
25677846
7962578
2437752
13077983
22834387
10183276
7760283
3447856
25426709
25152134
11113093
6010468
1058771
20485983
22707481
5298125
29773933
13483821
27502662
658385
28968127
7936778
25326181
24276431
11165069
12850862
24553999
8762479
25409447
15562567
20386793
25168685
1460928
27315970
26923832
1955043
9628106
433947
10599154
25430925
10063129
3777733
7801881
4704980
28412471
7395255
8041260
275947
9580755
27907186
28585666
16798925
18705884
6016208
1300939
14541076
9554813
4654971
5428711
13911707
9407738
21335197
12985257
15278055
6032008
8486469
12332333
17983163
8537174
29392973
8105849
5861626
8084945
9950950
5023906
24253098
27010973
24038923
6017077
19208170
9611061
4861482
26149670
28503326
4298147
22605694
20381442
11253981
10618374
3553078
17827706
3592711
9061938
28546967
1238466
23602312
25398445
29451278
8790924
25292467
337010
22716246
15589093
21323533
6097816
7045400
10404124
29158725
7000825
14235945
21176499
9642710
20365631
4386876
13770553
4923800
6933682
25555633
1958236
6324567
7717630
11887547
14080389
7780609
6871522
13765641
20385357
16827990
10500596
12429409
7006406
6840344
24166999
28143407
13840375
5631093
14897984
27706604
14883643
17123708
857922
18965481
4929420
15332281
19433057
10495318
8876669
3501761
2092241
10600323
25227102
13514900
28138738
5818087
6807839
17473149
4292699
16473227
13851428
12352472
23364730
7413158
9975660
28766478
2009365
20780751
14952309
23056118
13496968
6516043
22420520
5080458
6097230
4590115
18305375
18814301
14074378
14591473
27551179
27661664
25369481
10548616
6163463
5626504
24842460
17533118
20920301
14918039
27591673
4640232
3833750
21331646
6133005
21505847
6044843
7533743
11002194
12916410
19667536
11618251
23014284
21529668
29527247
11617318
24872603
16228377
9497047
631002
23816161
6115127
22620610
15022107
28741895
1987832
381238
8163826
1776334
23660654
3919554
24779699
28089070
3482472
407182
13446048
15021748
12621898
24785381
9784836
26668748
11293175
19568262
18417511
17099714
6605521
29410464
14286299
12547586
16682647
11166634
13154698
24979120
10607690
25673585
24407034
29266843
26352256
5923887
17500399
3953325
25536886
24311954
20159487
2015485
24867083
25352190
14298718
22354024
29830353
23783365
26911576
9236764
18955448
18900701
2402314
18681048
8995465
28946731
12446094
14336244
5177631
6345729
7128606
2853955
13335527
6940917
21147578
10468899
5317322
4904778
11156371
7279316
5576779
21320308
1694400
2584227
1532824
9493299
10655706
21658920
15445322
9499062
2875917
20324397
20767514
790518
23090674
10967186
19914833
10760523
23287130
20932129
8392083
17454680
7943983
28215421
6571864
14414976
28768308
16834977
24026602
23308568
17991519
14561629
7334959
5894993
21651447
10458956
3960508
8536034
3888066
12531585
6232185
19113769
19476937
26275844
1841490
26888264
26353591
12917048
21602404
2688405
2088212
13032720
23322689
4737802
9048107
17727108
6245995
15545442
27360064
26578411
29762619
6180775
16002865
4661683
3811104
22444737
1958673
7480188
22519268
17212002
24006672
6755922
4036444
26666501
4622633
24929531
5647314
22238077
14127213
4169803
26375354
11957902
11659727
15224530
24805646
4052727
3920792
5562377
8492920
19631958
27616641
15091897
12649724
24025018
19153393
196522
14157094
21816233
1456844
13813413
6689655
19157967
19926629
22548520
133004
9180166
27297024
6048612
26538446
7419022
19630090
1864455
23594083
17998971
22862169
440344
14929169
28539676
24348021
14267132
27774804
20484359
19347526
10183216
29989085
28613004
4380747
24100768
17124546
19365877
24315064
24043719
19348830
27351776
3122835
22458921
9646391
13528023
2231550
21577485
10195282
11452741
27512939
3407123
26343200
13708935
12302847
18286555
22661878
947236
19837412
20583776
8603063
2623941
462777
25388404
18493314
512885
22599871
10632664
29425170
62779
22030485
458957
27855749
6472710
14030860
29255325
19759912
6458149
18732266
11388806
8312194
22782550
8651180
890568
16646672
13899285
12457960
25269530
7079597
7058582
22612219
6072731
7226203
28999566
3616131
25933148
2455071
27395296
18058827
1511041
429053
13176288
12496907
1633953
20516812
22261992
1826572
24178167
6300320
4471843
27845425
29229865
17838597
11441586
16427847
28685265
12227494
8808869
9634968
11407589
17353635
23097165
12955907
24421286
24132388
28680858
23488165
27706513
24881669
28209171
14232652
5452336
1312525
10162331
8708798
5366740
22266581
24143788
5596495
7883003
26271384
19477019
29309356
12894007
8308551
14733904
26999253
27330675
1841720
2219500
17514227
23957317
12135012
13316917
11559678
21404169
223177
25020657
18696810
16549200
3167205
4192822
25819527
22601266
15159561
16284088
24880320
24337906
23880376
8809018
3733379
27110593
14816425
26878989
27245470
19489524
17715353
21074043
6689034
252615
5360913
13320829
17655032
11670886
29001502
18394757
27155957
23420472
22984168
26802302
11243361
16526495
11797729
1671558
23877577
13737771
4020131
19949551
842032
19174674
20201361
22618809
18938450
23391181
5957616
18204402
7536907
4375748
4348116
351529
4061572
19359891
28153655
17095085
20815036
1759715
27314735
11008199
9043213
15911317
25296153
8395862
19450493
1828671
795545
27504217
8070913
6680041
27115882
12844443
8681440
29767598
7512339
5444370
3841609
23373815
19960566
3212458
22074923
9391433
26178574
9953572
8757249
29336388
3253371
8530787
21745233
8186888
20189273
7894003
27231367
15677818
16098120
22913559
14695995
6873456
20722515
18672116
3823676
4722661
7371104
3419097
19201296
4085970
16734497
9829452
1718728
384356
15478858
8219348
20738195
28954935
10253605
18338660
18695670
18739469
5491493
13451940
21961031
1188161
5314302
23683035
562187
290522
15825352
28927636
18583210
11129514
6915795
20486426
18162044
24111798
13604128
28424760
6700206
2761500
10492774
7025284
29313117
29152285
5997974
10908998
27329395
2732298
20711760
18457441
8993971
15685179
13751099
3809683
27232945
9572074
6215841
1135407
5859490
20626157
14663687
5179260
27033500
22826918
26457893
9829456
23009046
28036651
6281999
19408686
16606392
11837665
25617365
7803436
11010564
24257790
24869902
4046501
20532414
7154628
4760871
7051295
23090431
24450870
14998476
7003776
29760357
23131137
29922145
14423321
26684076
5917283
13047199
25888005
10721650
7976283
18757823
13942961
4417580
25229099
25316548
4951932
23360834
21236550
10549530
28222739
13814437
12132575
28135265
9746005
13031392
14998003
5062715
29622698
1240607
14504014
29229985
150609
29311924
3099448
24604260
13105905
1213543
14825586
4334631
6853501
17276969
13539861
6018712
1085499
2707991
24250427
3943066
20416465
24970003
6524213
20044687
19994996
490930
4422411
27810483
19030872
26750124
4067324
5900866
16641937
19355055
25574014
10200550
9871186
18086984
16491855
14861768
28263613
17722490
4744861
23286633
28276073
7545351
13502458
11703693
26646526
6458811
12496633
11571966
13171757
14249272
3358301
151314
8624408
2702413
15649665
1048355
12485826
5622630
20168578
14863542
2714056
18059
9809073
28616945
7110414
26469895
23137150
365638
4675392
12834668
23134190
6104517
28966308
23307531
24214559
24127703
18458066
20326336
21240537
5823036
10259913
5175867
15432076
2540629
7295897
22066900
27931204
3315256
295854
3488492
9896115
16891918
5673569
5545433
1082126
18158781
28568069
3736258
417298
19482860
10775561
8345730
8929445
2050893
2688894
7503223
8329688
22804162
2432654
2388129
26838079
17227013
4746710
16922966
26301795
1082076
13220234
24241037
21807039
6014608
26093447
17646323
24168957
29809344
8977296
28377722
11933349
8450856
15685084
9577632
19805959
26134295
13436458
29771809
8466561
22269220
19668547
24293707
27739426
19147503
8957707
7256945
19750993
426670
15380856
18736428
24784993
18438221
429954
4585583
26054705
29510979
22813935
23928886
993558
2536705
8732587
12889409
27074497
9006628
28458321
23319785
23986044
9337874
13338395
7649708
2695137
28235960
4620870
5060995
19922837
16096813
28650003
19214518
17773389
1827480
23968941
10916718
15395240
1898560
9925546
20381792
15867196
8478697
25260684
19646209
3945398
20002137
4485469
7139060
27030846
9269746
8165427
24500455
4207741
3054628
19147699
7261465
24188013
5144234
12548177
26260964
7396866
19066394
15540344
27372480
18479685
23458533
20568425
10360225
1623269
25352785
26370574
1293887
7337058
14678573
25050823
4825412
14283205
15694053
25223961
6392736
1428144
14503410
19010619
22758526
9860357
25376503
21907388
18302665
7103430
6179081
4879872
15862700
28101548
27421170
21324481
5429959
11310517
10600475
13766474
28534297
18981657
7471742
16717942
6698615
6530589
15775183
27903230
25586679
9435834
17284559
4061104
16391055
23364774
29019830
1401483
22708159
27229726
22052069
15270224
4746042
22910372
5266173
22370729
20830179
1244126
16391131
12630423
6327556
15503443
27234463
23130594
3233330
13269256
26298125
20409404
10189576
24610389
9852069
6188101
26590068
20159601
11339864
7793291
384788
28610805
9602154
27590498
2590267
26393321
10211183
27530069
8719054
1998182
19328659
9753186
115483
23905297
15082961
8608664
25541997
15330202
19491264
24817738
1533511
22341703
12162379
2665666
16577357
20273180
18218524
711123
3893818
2830895
721838
28745789
10038542
19195523
27865015
27891959
14377642
27350939
27506828
27822247
27270213
19570308
7456186
8020995
19512768
14286881
26298139
1855260
28318085
17114508
19508318
10780423
16865359
3807962
28253234
20990988
24480496
24421814
13187327
6646867
23806232
10876958
15242816
6320279
9627464
5269524
9846712
21778536
8484416
25983333
27132814
6876816
7873858
2185112
9146765
210169
15754412
3719971
15183293
20103963
950550
15293550
7850167
13503271
25452727
16200420
6163532
7951335
20939206
3973291
3918021
11704596
3650310
29399564
9712184
28625687
10630502
28696180
1944712
16537282
29266874
525838
1925553
12156394
29449107
9113670
20922327
803264
18100321
29307501
4386896
24724445
678397
28685420
697311
15283171
2042712
6608298
13519209
4752395
23299838
13425539
13500049
21655498
17286427
24888951
23261648
20639349
27846576
1090802
6301388
12036140
5706618
12865036
4821374
23346944
22338005
20427315
865228
1533468
21302219
6427523
22930922
19110321
29507040
19187920
13115692
28310538
2129965
5128599
6041925
5886640
16923870
2711742
25626880
28690233
15577516
790903
7607521
18997494
15663415
5849590
21562118
28113930
22218971
12790843
23017263
7110034
15848056
16495755
2096433
20338439
26262354
26663200
13414829
9378950
9195989
22918876
24402997
13163029
8683657
13277417
14414534
6360703
17788336
10042683
3320991
793955
13373039
27160877
15788202
27439688
19687006
20217466
16849750
20315117
16592980
2475594
2244441
20890717
28361309
22219421
24753378
25168773
21487292
26107990
2338479
21434147
17514486
28933154
12723884
18342247
9980562
15606024
26994533
21296437
17583815
324030
21971319
14991161
29399298
26304797
27016423
14208935
21733911
28709306
24854890
28516349
28384224
23865341
14253934
1377583
4192206
19347234
21216204
14899460
24126642
23058448
10649481
8319992
3429994
7921226
5641468
8605737
25916876
1364629
26546973
24029993
19547125
20093782
13395687
24248674
12458167
6748617
19096953
2119264
29885583
5392557
23664444
16537753
6635118
8615151
4119450
14276829
10718228
8049071
6418493
20304290
17409549
27497294
27398177
14905293
10249727
22846407
25035847
13214847
14805810
26307217
12282751
2727385
10229552
10478099
10846658
16941553
2208245
9916881
11088954
29013341
22181771
5499880
7810119
14145024
16830601
21542641
1447502
1378358
29363309
7128565
14985022
2797824
19973868
25936762
11088078
5360748
16860042
9151598
15603719
23301308
21469003
21456636
22262791
13848148
22076750
17037283
1202774
7978857
21409408
27178000
22399360
5481879
8615268
21547944
7830726
11457017
28395032
16244640
18976046
7434488
19129336
27961656
17389011
25070702
26248062
28865719
26115314
10456910
218467
16801591
5466214
27665733
22756868
861396
14090500
6526946
6484882
2409334
29769803
14397804
23553299
9636751
8580024
23025382
25763382
2957448
4801519
1337251
14595405
11844780
4502551
13302573
14814162
27595840
20438741
24058907
7702671
19037367
27560303
18634667
12086343
15990492
6140676
7093
4124733
16861157
14862207
27067821
22887547
13153012
21321840
5397295
4895811
29827480
6628360
26970120
18915542
27520434
5776011
17607911
5292959
25586483
14167107
2066514
25510428
28188349
8669180
10077941
2472408
11219264
25672428
17611716
27557770
2408138
25951935
15214607
23643818
24761634
28061422
29053254
19185215
17728771
8557969
2521106
21036606
22165445
13206940
21452047
12521700
4481158
13187796
21836935
1312643
13014672
6740040
21458647
9175667
12777009
18078597
11161409
3127484
26643187
18416032
14359026
381836
21829001
12428458
7809892
20329458
28336989
5613423
1051473
13214766
9542231
8039564
6800956
14880017
19696401
9208074
10989923
58270
12479681
14572487
14932765
11501627
13987831
10292658
17453871
8723579
11941335
12737387
8346155
21531255
3626212
15784398
20993501
12968433
16438289
10606861
951505
5122575
16471451
24096229
19284000
25096791
10571965
2366594
5175781
20524006
1719151
19750449
12321262
17776663
18254808
6672528
27691823
13060693
3499033
86271
10528078
14525560
2365103
19692303
8227875
26531898
4963295
4857355
15977356
3357827
13551047
27581483
18703417
9639640
8072708
19674761
2773100
8047070
17050772
2120552
4312677
20505567
16837790
6842311
20472950
11008845
7273768
19324261
1356580
6925982
389882
11259310
14624241
20376659
8389343
1546213
403314
5076976
26937325
23815501
18059374
7500686
13731600
18141904
28439671
4019766
27100870
13761340
2520627
655082
4738346
8052184
18440907
12719627
1534790
16727054
6290589
13319386
28997414
24201116
24195045
16702291
18810790
5178917
12991275
28358416
9685456
20739624
22855098
17874779
27165935
24277984
25957546
6999009
27283461
8023533
16640339
2426912
13715794
22310558
23151682
12833782
10813159
28568245
8903128
688022
27744711
5896056
1749472
19152363
17190736
941288
24243687
18288750
11935550
26307396
13787033
28488581
21528787
8129594
20409444
20131499
16987131
8108201
17410429
7288676
22444340
3612442
24873505
24270008
16847156
29488514
5388101
13666955
17065897
18048594
26218962
19139317
20024780
20650546
4534490
4979898
9651877
16027681
7400976
15091803
26460390
9998098
17458848
21540448
8232362
22130050
10073810
5147605
17808162
6427463
11773048
25881380
730718
19843653
19023603
18981317
14913834
1195333
21364766
29227226
24402426
13283249
24253709
23483147
10592961
24027410
18406875
22944644
24567608
25007831
26631173
28280448
2084558
23172768
6797690
23058410
19757416
4931718
5499539
6141572
3418560
192576
10585457
21456160
1764233
16693639
756938
25548517
576364
5605931
3042540
8229797
13560777
5576588
3226762
6238901
3124620
23491625
18950376
7230915
14330653
19741643
1200680
14147193
750670
6884178
15702098
15449476
4564376
19537957
2992461
25905938
17407814
7825151
18406293
18371476
15838009
19151124
17138832
8431995
8042257
2882300
15064731
1244753
1630696
10321053
26396124
22887073
13692636
28547963
25212329
18541958
11269432
18318122
11979990
649333
54947
25793874
16225080
14868794
29974097
10991617
29096812
25746799
12421533
11186055
1702001
12654214
550915
21424249
12716192
26320294
18247827
5394048
20579020
19078488
6232536
4143552
21840687
17104965
20992152
21430359
18127408
4492367
16220665
16196438
17947961
4654240
9369276
17447186
3186587
20226534
19397366
3667509
13480070
7213391
13785275
27618805
23292516
13157177
18350074
6006529
1796129
10230829
7642205
13202976
18476774
27364377
16510713
21943057
7390808
19373353
1473871
17244406
9523912
23073928
15549058
14702539
1250471
27247758
12148593
20209097
15258897
11273585
16725473
4128635
15203713
2760883
21409233
28836741
5140421
21631691
26831269
22471365
84291
13027131
15145823
10778112
6977698
10647052
23103503
9284797
4976809
28783146
9015882
12194482
26787237
29811123
25387451
11977718
29353953
2799063
8272305
19427891
13509598
11161417
3099165
4326424
9230806
10774322
13058082
7084718
4836639
741783
22614435
6061739
11649650
23690449
11483932
14928993
13135720
4345649
12602436
23008293
25197938
28072975
12752068
25770689
28836460
18060793
11896214
2804351
21697435
20731844
1946048
14919018
21961812
24557797
28907818
25229485
12917829
7293606
23904410
19477642
4226953
12271557
21645709
25131318
24878812
1918917
15968559
28029554
20691662
17810002
9029447
2704776
1233800
15896595
12455910
28368077
8666973
19614242
2963968
3583231
18649234
25110087
17715256
13171071
22809555
343358
9383186
8324630
28084955
2061103
29933377
9433977
15264769
9819819
29006131
26486215
17581500
23042884
15278833
8435944
7632655
1785089
11433455
1824952
1619118
8322648
2791430
4310235
8601988
24827169
2866390
16936201
27787203
21213634
16881273
19228113
6078775
1940337
958730
13282460
1997333
8264172
15593228
26893524
2504320
4625250
19141636
370864
22580754
1707969
12331351
2086586
10757687
12955000
11331854
11118447
474030
23001043
23604227
6849668
28834007
7116156
28576971
21015904
27419159
18968020
8482375
3009567
229328
8688032
18144636
286329
12430946
24987999
17467705
19252937
4682661
1537254
3777309
11053339
26365815
547285
9547317
10878560
1595730
25420956
28364464
25024359
15680841
4107800
25154757
26110299
16671803
13289286
10535774
1152162
19876578
16187191
8596263
19611318
29044136
16198992
10947954
6705843
8736415
25529690
29845459
11173234
8176210
8475967
24243591
23962171
6270055
7653171
13813383
1113224
17452900
29770967
5577795
25292771
8610065
2555902
27779218
28194338
21963907
25597407
15658214
10556757
15097181
27694491
14987660
6206632
28761000
3051621
8895541
19608931
4955942
548235
6379807
24914868
20241776
4433236
15603576
19088911
7707084
28554550
16885256
3186701
8215847
11761443
28702524
24936332
18508271
20377939
23849491
17390117
3182581
19652832
15860843
22030904
153870
16784501
4470985
27907783
16038137
3685169
5547100
28349001
28003169
3486751
29411318
26833624
16843375
17971236
5018340
21781155
13570292
969931
9166991
1900680
22958261
29054447
20803861
20623650
14465726
19182598
21843117
11583051
13581403
18794670
13423388
24346667
13033469
6205763
29547321
24159387
22103619
5818258
5384615
26695983
26738279
19118560
16706808
9851919
5742065
12850735
21230516
9892436
979936
10593677
4731130
8883004
8114999
3725744
4899960
28427893
28140792
26095320
26023270
7645895
10227175
24642885
15751052
500124
159586
27562132
25260583
10470499
26897807
24998734
19306473
29252827
8341976
11176113
16598900
10380956
7636660
29603768
28418148
17582089
2538877
326265
16792958
17634139
2934135
25529417
17602437
1110123
7871107
27886459
21474023
21714901
28817059
15072382
23582067
11122620
20337843
5748764
15541613
9307366
12099012
28041141
2154577
7240349
2184558
25190339
2904847
6053975
4261889
15003965
15428701
16167017
26701740
14312570
10628242
28873369
8106137
29547070
5229482
25943043
22421034
2315027
24316219
10998235
25204617
16072530
14418717
23492219
17718484
2207912
17643840
3593419
5735665
24319925
22482358
29573136
18378984
553527
11381256
8167080
28239643
2013543
11227068
19712378
14617075
11380077
28006587
22636720
12010139
113751
17383066
1808522
11720810
17615776
23999372
6523884
3656417
26678935
13449177
6225714
7678385
12270944
22980481
19877816
21153792
8609157
8582862
27795224
14505132
462440
27768907
10047994
14513339
5202246
10896644
29097360
14005344
23297692
23926105
4486485
28313203
28215621
27979289
21341086
95201
24886078
25072285
12348600
12570727
1506072
13640179
16371387
1105192
23600943
23780435
4145231
8452637
23354329
17229074
15447045
3140860
9807262
2710793
7314822
16998909
16770981
27886922
16426537
17737355
4565339
5383881
15613743
7766862
15629834
28397708
9379604
20793386
28449319
380219
19632177
21689538
23018056
29772387
29347453
25604153
5516363
27565346
18205093
21567481
25718445
22842145
26024157
4431444
6665191
20442801
8457851
22513281
5370734
15005396
2248313
18677083
10502833
15990093
13434527
25715235
28508444
6765516
15379059
4012103
3579780
13433713
10607191
1083205
15747195
11837341
146666
12931117
8940624
249780
7089883
25923509
6073533
27795796
22459505
11999745
16381982
16721118
9769016
11016776
4266421
19507268
13684079
19758713
27759890
12928231
26177015
17286595
27415820
12218986
6115908
28451152
5452267
26668435
6972388
9923532
12681539
18121702
6225457
79910
27377373
58171
21084526
13409613
24039986
22232604
15347790
27860359
17701554
12480056
10229721
19765033
3455728
23371830
17375179
29906028
28570021
17852908
659772
2446541
12307573
27781861
17554614
5191136
27165141
24675170
7960821
27936080
21277496
12690668
14748201
16193232
14298302
12245482
6564313
20557632
424539
20485420
25978089
10551876
26583021
17375254
28097353
9519709
3920126
27887200
7700049
25193260
18297295
11044052
18779148
15896329
19743260
5224574
15788340
13827621
4792890
10003461
13110871
24473325
14785086
3615470
13718709
6114600
8117718
27108944
19727993
12832155
831405
19948635
10015918
7495717
7007004
14206465
5688269
24532025
9832263
2954554
3435937
23846906
2772983
21393605
22120645
2208122
15357849
12877752
14120092
29358252
13961098
10238064
6484412
834612
7230949
26878602
15282962
11992185
7382390
28813240
12531757
23369748
7010751
13934281
16762208
12896388
27920931
20704684
11023132
13469861
4760852
1978925
25227133
8753580
5029783
18320870
24074585
17263977
7756189
921946
7493243
16213034
21763098
11160489
21517294
13057903
11748732
8890639
7958966
29048543
15704380
224479
29552273
15960162
24921317
14766916
26882625
19647613
16724252
13825320
10624556
5759055
4474756
14103300
13784432
19591878
2260797
23874669
12433098
26380547
23740110
28619745
1622260
9003354
19300694
24953395
2023602
26420119
24787257
17157694
11251587
1397799
5090419
15339439
27240030
8328468
12693755
2910813
8771175
25403674
12682889
28326661
6865437
13721026
2500832
25604925
7736638
15024096
15393191
15062973
10090242
25447927
23796634
11278682
19085820
1041565
5510834
14109842
6803379
21838056
24184040
28100961
29233058
11299179
28785425
1103991
23086354
26463282
12134561
27901596
7960863
10832596
16805335
23852990
16589176
13418949
17902090
9567215
10407281
23900515
21555433
12937428
5544927
7890670
1405716
25105685
28722508
25255072
20221409
22729270
6904145
1888870
3899694
23803034
2499601
12745512
23870443
18004993
22639252
10838526
4712570
27355733
3411599
20242352
24124525
16642886
17314854
25565036
28191722
29260267
4005403
22952517
5972825
29364930
16762136
19102754
24497798
316794
23391553
15681725
16046101
5287141
13875156
24133641
21310410
10224844
15799588
11487409
2491633
17076511
25968226
18397665
4145279
25780628
15507986
24840486
13321556
16045077
26069138
20687663
11276812
6957235
5989524
67218
4491562
7179090
17447455
5288816
1543926
27293889
6315702
16241563
2567864
6184537
16426423
28135466
8584040
1004992
126485
15872315
16207952
128595
7404519
16205768
18652878
12011863
82147
10496915
27018521
24986973
27381464
272548
21975984
12481844
20569304
19757344
16550862
16645794
13735190
11635278
3801943
10787115
6127318
7993101
17922723
1224152
3923861
10009437
24950322
7592293
432722
2805903
24096984
14595750
21249682
13230130
3732194
1968748
28396120
16819648
8962981
3146236
24639010
18620745
17749495
13724502
3849679
13794361
10689058
13033378
27985647
15191291
25381824
15182872
19419773
5629923
19047673
7162739
29802769
18963238
6744186
17235345
27290852
13528195
18241808
25678213
1265993
25421180
10222463
13113149
11727236
21232616
15657047
27848111
18893807
27197230
7008445
592039
17409256
26877
12515814
18479396
273554
16965010
26882709
29691622
9422002
19390591
7641420
23618982
12566189
1920074
15286771
22557999
15018331
28076454
17085685
10261964
8327202
14122657
13353641
3879890
8810527
15507183
29996739
11398331
2744704
29905466
5918543
535958
29970729
14388152
15199785
4069057
18868582
220166
5972920
16003633
11463213
19421118
27810708
4710098
2128392
29952317
15146292
18470442
17070316
6384566
17767009
7119568
9928581
1951741
10615769
24460416
1345334
25939827
6554850
7903761
1725038
4496076
5516843
2552433
21352124
21267682
25453069
29223049
14677204
13743228
27253772
6830756
26567191
28522902
16721148
1319442
5110645
1370306
481536
4622875
28620990
531749
20959282
14152171
207640
1565158
27231637
4350393
10939533
19983165
21757353
23200467
25749691
10775117
10179254
27142523
2786785
25581075
14433720
6216485
6459416
25682912
26495319
14817537
15896716
1804019
4575431
26491405
25697204
12796954
22527944
4421153
18926819
1256883
13506266
23533918
12121227
13469465
308484
5472550
15559293
23710880
17738307
22510380
19770262
13390388
25368438
4287618
9677487
16846922
13565391
19451337
6070258
14685757
9219057
9342915
6479260
23967302
9879636
7335760
2823684
7723628
4617979
15811093
12403544
1516604
13005352
20746654
3445488
25402008
1110765
423360
13316367
3470961
29431021
13454194
5185326
23729868
28533416
29598865
2516207
14372656
26002486
15158508
26134550
15384135
29021990
12512356
7534030
18386751
2975843
15461869
16409192
26007791
23242177
2558459
12172225
19650441
12335616
17902537
19367679
12649554
17552303
15364646
21997161
5718316
25912916
1284193
1307889
25747463
24803416
2931436
28629188
15099769
7308353
22803107
15189953
4691883
14610494
11797210
1503175
22451137
315237
12879056
4633043
1462020
23773834
27398043
17349786
15210436
2178814
13253363
6475856
11525126
833452
3662126
28660278
29315610
20017267
28172199
1011082
3495602
14250446
27711542
12080667
23897711
29198914
18548897
746907
13311444
3527737
27423393
471465
4956086
24178774
14287458
15976925
20184085
2791811
27922552
10149319
11547950
23725875
9906593
2734346
29165149
19028465
28417805
4735076
29017396
26891793
15379502
28827843
28243460
24623175
26591910
14911816
7309898
9246032
27021039
2883555
25345037
15183132
21043685
5498949
14693673
5975158
12731687
20006981
18506811
14784421
12415767
13979752
42921
26356950
19163161
8103153
26635932
20894641
23761471
20865244
29894643
1317752
6284504
7334056
10482738
5813989
29192083
934260
2369776
24633175
268037
9258943
1435504
863500
29829954
5911244
1285948
16059518
26178661
20155787
26187668
16315797
3241024
13112316
20528056
12713491
4426531
11659238
6136936
6481472
2361134
12723957
12869671
11150041
8333594
11301265
5009739
8808394
7808282
13080207
8764518
20840098
3904413
15446611
18033223
21905095
6220923
6190991
10408208
11910153
9075739
355792
24053904
6989487
4810200
28682505
3634543
14784596
14667684
12558076
22849857
19955846
26485822
15303413
29024714
8257397
11981870
28477814
4894089
20297645
15585798
25314576
406898
9559602
26812584
382623
5064869
10615258
4083414
8639062
13580500
3268544
5577742
12608080
18017841
27439765
6520308
15611174
10827025
135720
6869746
6268555
1250613
13166973
1172701
26839869
11273568
20304670
13982271
16790102
26248676
16984438
9564060
15741026
14011012
22730865
22349311
28546529
29972694
16617706
372789
22159835
24487892
20852124
18264514
17970547
8098607
12682351
20117699
6129575
8929977
16192107
5139729
12031754
21409288
981513
29961860
10630760
24404847
10842114
20607650
296934
21992614
28578196
2446003
22052307
2752796
10993531
152665
10282578
21028732
21235320
6952634
18357806
16484739
11286314
28032702
14948521
2993743
593909
2526098
9976558
12669911
10975265
25290594
28023417
1895955
5203058
1290203
4882354
16419454
5659296
14696933
16943644
17223791
4857285
6930843
18195364
12086997
11111680
957568
13615518
12819536
1784198
25409443
18940665
28651155
2649815
15514452
10898475
8269820
21554134
15272890
16086210
18483061
10385036
4714646
19103237
22079277
2240621
7655274
25266626
16020919
20807747
4345446
18337223
5526994
6949369
11085069
4663077
15600724
22594757
24364186
18197273
7351929
14790467
18512141
11274777
12294175
7652446
4854058
12436561
28820043
24135261
170549
28666740
28907064
9200334
25155422
21211475
14186947
28514208
7755357
677318
13071758
16375293
22024361
18087063
8800524
22570663
9708346
1937056
7247469
18094546
22242759
23753166
25290651
20736380
15312690
26134124
13977903
3313121
24888024
22403648
22264654
3362840
14084661
26412175
21430160
12676173
28815394
6881086
2369317
7982216
13699277
20415923
5940395
3861849
22969552
21982448
26547408
27382865
18363027
20808095
5903505
6977874
13249225
28845972
8823146
16762348
25458614
2856739
17561718
8126444
305350
17381475
1388766
11491773
16295773
14056908
23669616
4056701
21424310
25218027
22059140
16381128
23297067
10717539
27862186
14701309
5907106
29693438
7835876
17520802
5418629
12080627
14067748
28574243
9841971
20952412
21914689
3841491
27853136
28806633
15472502
874256
29045134
18478568
2275034
19283648
993256
2459378
14204609
4007000
27463793
28602673
6332536
19583116
8223838
8915130
10587871
16203817
28492117
14688404
18603251
10425213
19469592
14807382
23926216
4855277
28736677
22323636
22257644
16270178
4852286
7465779
6159535
15933200
21778601
884392
16653860
10850698
9611319
17216260
7667676
10330554
812739
4434679
28934030
23453070
16200640
12844447
28289318
17484834
5179017
13103445
724331
1648779
28150762
14529237
9781187
26606206
10342821
26851802
79985
8616522
27363286
9271307
22122073
25780540
2668550
4315277
6586629
28080796
27249060
11724002
12300399
5768383
29861940
21456205
4599981
15503016
1956579
9600354
1481013
19633837
1719016
22691596
11276870
9519759
25468023
2228827
3490416
26162184
11098864
29126519
15044369
4622944
5439781
24991858
13587045
27967521
24951965
2947205
547988
2708661
18006467
27325754
18154427
14964595
19742062
1022836
29087195
13375236
16908857
8486567
7304916
15368060
4665266
4951873
26159752
8923524
17183148
12017118
15635971
16188114
15708796
5260580
13437313
24558122
25009376
19142181
19155360
5319239
9101924
19814161
21347819
26674183
4962301
9755245
6134183
28597932
11317182
2792320
3649256
4984818
20001994
13512334
10653521
240709
22788715
13149522
16380778
27076421
15618187
23797133
17293347
8248121
291269
17088289
22338322
25511666
3838706
1750177
1886025
29545166
8578131
11073759
24716346
15701339
3967983
10136580
17725990
12242204
7955111
16451093
16033395
8576190
2947792
29091237
25530868
24518858
18918887
26372043
29253556
11960177
20724029
29682583
18362980
23123777
12527378
15843793
10240572
4888930
12953434
5381751
11606316
20521177
860701
5178475
1535594
29884853
7874660
5057163
5239183
14916329
13664584
5325525
3693124
9727506
18599724
27017557
22231747
18084840
2491085
20341151
6377539
28255511
10294663
6399328
5322160
3611304
11890045
4134336
5472719
10439812
16811126
11006728
10614983
17405807
3775176
28833862
25282963
28681467
21877630
15956185
16059725
24995419
5144897
1545533
22473424
1126086
20027803
27259699
18647636
8400412
27441142
8435596
1236623
21389977
2027279
4435523
6821945
9294098
23534983
15633586
11646567
26173044
18607627
16399746
25165111
9790063
1996596
22507432
5687921
23511588
18293763
17765889
29625749
25300793
2600446
10189412
975071
28935813
9546133
21618908
16045150
18657661
25722204
1431873
3161039
20031974
25118664
19241609
18876916
10763571
29015364
14895156
25351122
968115
1369662
17471635
7489768
17398916
27091514
12986226
15555581
14224502
25212167
15305475
1464019
6880543
23666194
11849003
23051537
20167509
21866128
14283209
4609113
29216970
4421173
18230117
21279157
29774687
2871092
25690459
14677092
8644544
15399013
27472355
6553920
2256796
13211199
4711242
236329
11543310
29673127
2457218
6555743
9892443
18933980
20496398
17941221
14054932
7106131
4440127
10599185
3662392
10448475
3787696
11583651
6524985
10362459
6070420
9653758
7369422
1854456
19276125
18673792
7172835
10424088
17875740
7142655
17459550
11300707
9729128
22886953
14631098
2009063
21313498
16019934
17642636
8060187
2086566
12912386
26313739
20080674
5773204
3969150
9477311
13098436
10481813
16130352
5234630
3803209
21814695
2766760
1808048
1895935
28352320
14677510
20267879
12740471
6015603
437173
9960301
9207516
8287603
2745399
9542
7519210
27459058
4561274
8249323
5335674
12132474
23543910
25174912
1627697
17876528
23613415
9693439
2190223
13832540
9296680
22186940
19548442
5032301
3089818
10733107
25929800
7393169
23742170
9753449
17591738
22739427
1986463
17631870
22649165
17091685
5134494
5150479
7508616
24632761
663243
975193
20181845
18623469
23276990
25710103
4241510
22826119
21461184
4235200
10054184
29991993
26213806
12080760
28716518
18279071
11416626
18148821
17231927
28025424
884719
5120147
2069188
5080497
2336340
101153
29268223
10012354
17503113
17182190
24083245
6147290
12042582
28448324
29263650
6125609
8245735
18990137
9621092
23006851
21645016
29324853
9959112
12506035
23916593
26119961
7532746
4165879
22779867
7478672
6196368
19270899
13528782
7148091
192881
26006505
23276147
20967854
22428554
4257332
22664149
20202079
3830749
5289364
4847297
22829835
1367169
4524049
8691497
17294231
16487640
4595664
5192149
21596045
15499719
26750627
29740700
25280232
12059119
3163253
16497255
25075481
18344151
29367510
5605884
20181011
21084711
2773900
4631442
23205296
981878
10745608
12710074
9207730
3194048
28353134
3125518
28403824
18683264
7293374
7964465
10797855
7924420
13100123
1817662
18172501
6720000
10909341
13244251
8310672
14828519
16111159
19058999
8255335
757963
18035120
8244312
25772254
29827597
28388286
15611980
25791384
14037905
14238971
16176957
17770221
14267727
4706301
7518476
25514783
15777173
7384076
12340285
10991565
18052117
1657430
20202698
28397101
1679480
8158937
7705873
11966757
7019357
968373
28658968
17101242
28435883
10421251
16028421
23183408
12680475
721648
8083038
5885287
19090480
9186939
8111459
21736059
11986428
10585759
29542908
15857508
17379782
23936261
28005094
16640988
21777733
2488118
27718970
21054557
15717789
26325905
6461200
12695638
8285347
21174668
8363430
22404000
11526889
5105086
16252227
10065580
19288152
15793768
25374884
11464822
21489430
12580371
11378801
8834103
2868610
15657740
838567
8987826
7979636
10675812
21960901
25015529
2343060
12704726
8000662
2421872
29276041
29757517
3131486
14999731
25682900
8822392
13099508
25238164
18813220
12181173
22561759
10305058
19160255
16159942
22470897
18578371
5162272
11362874
20523150
14728883
765009
2542931
3492978
6901683
17201183
15555402
11300566
12327687
14952248
24236180
23763774
14064196
24527284
17220114
15880905
23259030
11194580
6842820
19350499
20440028
21924093
18748723
15561133
2666714
8897776
1419709
9524228
3379169
1788491
3796511
11229638
14940108
7148709
29050382
22193865
24577613
26831694
932617
6931210
29551227
7929563
28304347
25528586
7712247
3864332
4945177
4313947
3057825
11840964
29166387
22495967
3576077
20039054
15652465
23567971
17859333
17428463
12017963
17600026
29548964
3279916
4229177
28981793
9186592
6491797
25056648
9827573
11660806
7001104
25476872
5931347
6935756
13840580
25678318
20914451
2739656
3317814
16587938
407000
16145186
9478006
11912816
18418844
706494
10785324
2640621
140845
13651643
14506325
1190094
623
1611941
2290223
24019943
8039219
28687566
14330873
5218038
1619078
20718091
19209573
16304838
15864139
3557083
18669305
5278720
7847706
10040722
16651316
19543165
29745778
8969328
21521643
25494736
10791721
7508709
9877090
10308420
14523677
14370776
29273179
14732125
28099537
19693473
20595092
4631680
11459993
5977542
2965185
17614807
22255944
26784580
25857621
26524381
7593915
2334633
7522662
5077197
18044821
29814166
15242351
18133099
24312845
4433495
13160751
9452576
10525055
3417737
17319219
14174178
20393305
22860258
5383911
24641381
6934343
5865372
19078601
5473046
14835819
18927149
605518
20184197
7011782
20918321
28291961
13013213
717382
16157506
21986918
17827453
2445609
14336413
3367163
6446683
4742365
27130170
8249783
9984213
17248705
29607265
24152340
28110984
3691446
12286210
10132758
27620704
6608033
24134642
25537939
19260724
13106279
12854911
5466875
21488292
22490189
15522634
4382278
17767321
4740739
27452053
22771363
6560718
7649329
29589059
17522886
6739284
11907472
19449754
29360157
24959611
4889319
12565810
5541569
28235924
11760414
5296248
11803728
5571927
5115661
1995027
7836732
6580521
14516996
14820760
11076241
27273700
9067686
29602510
21308586
23975890
28931591
3924383
2750744
25995007
6742589
17242157
12784917
5215697
29612793
24356677
25847471
23596120
3287618
22817339
1549178
7844301
643852
8187913
18727273
19733691
4117597
17894360
13130864
6208340
2831908
16396072
10075367
3494801
27002093
14464623
21994875
22302104
12532302
20845215
6384009
25862639
2508261
29264010
27553895
10789187
10300980
20012772
17238501
18541777
22622755
13300640
19851505
21640863
2864490
26903680
3290817
1519448
12785062
22854900
18235675
6222553
2004416
1419969
13224026
28024436
8844099
7651279
24039292
22006791
7626468
10707837
24792677
22518458
26615203
9073483
27260404
6016381
9252733
15426619
28830345
26919430
1456249
15240904
24354287
7724561
19998504
5728851
8723643
25408608
17338049
2409824
12315830
5716909
1960613
13912329
19103916
16355773
24348218
18584688
13680392
555255
3576203
14675027
24950941
11161929
13723469
2496631
2562171
19034695
20216034
7548608
26138215
21684448
16258207
3599863
14300579
20297059
11360333
4375779
449081
14518017
3353784
23529008
5762899
20607220
15000353
17341008
4424514
10046441
6375199
16068082
23345217
4294822
21957736
17722763
25180787
29140758
22643422
12714259
16770140
1712210
24054495
1312492
28050779
29410338
23213043
649320
20632449
22606358
4104257
20141215
21375557
8076875
1784939
16060543
15047346
27661451
8800373
22408413
2843764
29262535
9650045
1161376
27560611
1197043
25965517
4917090
9057793
22403542
7112337
24398394
21086842
19664840
25662670
26162833
3232770
18853187
10539324
11214741
18568942
19160552
21580368
2120014
26274972
19031070
19048512
6332949
1233014
2535
7947040
23987236
11400127
663682
7455793
6508893
13111536
1963869
28423511
10381675
29380636
5008634
23914033
8427905
19640323
15494525
20980012
23682416
13889780
7255093
5145214
6715015
13145579
15417111
2992044
4638645
15593035
3873273
26573552
22324571
26969459
15752594
27785564
10110188
20101603
19367392
26674526
20164452
22016809
3453411
16766593
18315328
6294568
1109750
13404686
26128702
16854517
6629594
11383253
19794281
7992682
17290354
29985098
3108201
4504297
15444954
14908932
7311008
6951808
26119442
29958346
28824694
11884805
3491031
22905386
12611654
29899611
15369328
4145220
13637209
20954216
8947629
6670291
21025991
11410603
25181977
6879468
26589351
2786604
202967
22387006
19009317
10038060
6683202
26763369
3696627
21363293
8036214
8482333
29521838
3342540
3829224
19472428
7671378
532015
5303512
28835338
438151
14616345
9563373
11741187
2359439
24802895
6320248
7121106
11059288
29571061
17946166
18148132
7269918
11033523
10586081
9480319
20094400
18392388
538111
2629531
27052492
26290956
12534322
18183568
26454163
1917924
8528609
20088359
1340488
11002408
4144234
9605687
3394197
29871413
11514913
12589118
24798394
4852435
3723007
15832366
4567438
7606144
26912538
19325631
27321763
17643816
8130221
19399154
2090912
5249620
29102842
12329699
18789959
27327736
15238813
3839966
23255511
18649254
8846323
11453017
15227095
14819818
3455560
1707907
11311045
14669040
24237201
15718287
4218832
10711096
2089727
24259268
13901106
11151435
29571252
12329709
11923136
25168799
16771005
25005736
19568326
19857077
13221114
28193756
19284675
29173587
7046538
17368262
28871764
174989
10567754
24480091
20832409
2085064
12250564
20008223
5146043
15151290
19844819
25274201
8005861
6584861
27630786
5005557
22275227
1270701
11887311
19108166
11101103
18276689
26283479
17163870
26124128
9296344
20027856
5335862
18829981
21583062
19475058
2451370
27062453
21074937
10437886
17836822
14690775
273770
20990543
24833319
4504278
23273346
16620598
10332084
24607589
18246069
20937382
23670975
7045628
18335280
10531109
14515886
8475049
12553446
26721413
1324661
20803935
13537446
20822132
8572060
8256396
25081872
28052214
8125283
16013516
3968467
23497189
11425901
27662178
22222263
25500848
5221229
28012946
8499776
27206938
17559329
14447142
5521066
2748652
4250082
12312777
27802285
2811564
2343499
1329718
5627707
14675381
14308432
25508369
10460797
19045285
26660710
11165551
16867859
5855304
12026713
20427501
14804785
1589384
29122986
18766085
4965456
29244467
3505274
1286624
29640453
9459322
18227444
18971036
14351743
20813503
18629334
13540418
17233985
2927368
28246774
18747225
29151064
9883602
12636204
3317930
10447267
17508093
25724215
10429115
15403563
10747516
16028577
3405503
9333576
14563058
16511982
5180559
17361533
20612431
2918169
24888364
13579015
12029067
22754847
29453401
19975614
26479894
6557392
25184837
12759211
4773823
11271990
15147913
28092860
17170130
29895221
12461181
11097700
15824898
6582289
15626750
21511375
18001172
24406448
16121903
6284597
16661071
25637795
15955258
26051922
22908638
15284893
25568967
23720688
20012234
27741845
25545827
24132871
18218337
602190
6077814
11070470
6542425
3740045
22659267
20616354
5429084
28804352
6689069
6508537
28444735
23269854
4558938
28748432
18487636
29530159
19541489
22983793
4668017
10602686
18148275
906552
8546753
28066830
25467389
27746920
14084363
8869388
11982111
26547716
6995454
17603574
19194839
275313
20210970
17887425
23510176
251847
5627927
17653969
9218950
26469502
558109
5236338
29733478
8675409
8996053
23079771
24603805
19715404
3268305
7331386
24891346
6060234
13552255
17979533
27867700
210412
14925288
711183
11530350
17571198
12933029
17334177
9678001
5995414
10127999
12053075
28233724
4427121
5276091
18061577
8822471
5300905
26290979
24570540
3280108
3079973
14222372
12304003
7831917
27938081
12289163
817480
21629126
6010387
1701722
17811527
15020447
636220
19130044
24886947
14564371
5055355
25356299
6142675
4277004
24848443
17109884
19873357
13237914
1823182
10820893
20738662
1061459
18560498
10219948
8468521
9719506
22272511
4262157
9707444
28568974
29445101
24101968
23961717
5559539
630983
1643490
13859176
5778159
27852412
8319168
5128422
1341777
20434910
26603379
15048890
9402832
12899527
14717296
10113544
2746462
25804481
19665593
7461689
10862019
8510283
12561754
23636912
29734243
4562732
1530294
29617017
18472443
5189524
27491898
4952987
24941239
28298187
602425
7398146
10220315
15118487
11593901
14134200
12625701
11246572
7453296
9366891
13118509
1207958
11037466
6891193
11218571
19047905
9446355
27481208
1122655
19198696
13939796
25054397
4157081
7799174
1436376
1890626
16304043
18037973
302512
27481632
2854267
26987152
18403665
12790956
18528475
3934995
20286468
21714326
10028842
18639715
269603
18874934
16558832
1771302
16645538
7978850
22304316
24646999
510038
28806629
6157062
22341215
17263230
2208759
25283532
28160386
10907795
8050905
28120628
16429416
11369417
4751988
964114
29212125
26974024
22751043
3934958
14788288
10771974
14661236
13963850
3480384
14663878
757590
21441187
12509529
9022581
19325682
8628359
9916187
28710553
22994501
12252468
16842196
13882943
24367113
286843
20948624
8954000
1369577
18788454
4754563
1129591
12758073
10520217
29270855
27505492
3761176
2248058
8435245
23994900
1951809
11273883
24129120
21122348
12541730
10369181
4746503
12267377
9550593
27662817
7945427
372928
17604767
18619300
9139110
18902181
17042393
22899411
18162459
6929236
4358697
16517857
12212320
6200959
13938132
10554226
15011084
6314841
29423583
13672697
7193135
10869354
19531356
12690944
18091065
22435162
23808194
28982061
4786404
29709970
4534020
22461519
14306999
29700717
28160553
24411737
23498350
22031507
16603298
10437873
2286088
28177691
677860
10559736
22939735
6558173
8047715
7504672
22715874
7035734
9038098
1506064
16372803
7158325
4439697
28900978
28868508
23456134
27146160
13722357
1873226
16289910
146803
4715933
21607433
9325803
24382481
14580660
20094089
15528351
19542853
23183860
10166420
5381951
3069034
8965485
15594405
13166734
26493283
24752708
8508204
23451449
18466558
24562529
10132959
4080594
20348783
13055402
520708
2967447
25998081
11846594
7865896
28785678
23272056
652401
18513065
25683355
14384593
21405655
28149425
22776269
61644
4358400
21624708
968663
549677
21270879
21487424
17794695
17775175
15406593
17368996
27454559
5957087
22193154
27658310
23325462
3446082
28171653
18416490
1662281
17572686
17337616
8986322
12824971
29361656
6535419
13156165
13667439
26316055
22778673
2018253
24303389
5585256
21454177
14769679
7261579
611268
14643221
858311
14928508
17598598
6053650
11621621
29427946
2017813
4867229
4131877
12918469
12584085
11577910
24779321
22111410
13980438
11668101
3197604
18484942
24330994
27414022
28097047
6250697
2309555
28742861
10333304
28883156
8589318
25859160
16635573
3327633
11975031
10403007
27327574
9543624
3979611
20602100
19206585
6752279
1208499
25832255
11536702
10512372
3610783
4749990
3653765
21773607
21090028
7363011
16887279
21703245
2279617
7164076
12909554
22878219
9223779
25792802
18272445
16443129
11147952
7737611
17444152
138596
25302789
18422716
17627136
11111548
14937515
9226314
10867288
22732512
25580836
1387343
21363319
50937
12106151
28036046
8371767
18824103
2132075
19883939
14369736
25235158
9948394
6100508
12393203
11831943
4098360
17162210
26399803
16975875
18269248
6809416
20561245
15598277
7774992
28016184
17541435
27761260
10804375
17049752
1493992
16897901
27018462
906227
11150885
21929616
4405368
11099335
24330991
8147753
28612906
2333599
4019014
26348908
1234508
17571824
24002135
28970725
8325702
18111168
25162457
11388118
19028487
11493936
21675216
4477994
2009580
24290570
2258953
27552654
25123391
10599298
18148209
26553440
18005401
26270341
27818647
13453264
8049749
8624839
16567751
3581132
24301827
10572335
18374871
9344826
18823870
22813538
4529379
27620289
6268281
1246326
18538264
7696701
26347884
5812086
9344047
1320628
503309
26627631
7946134
8936359
21369155
4938484
23632801
23681566
21890002
6077698
2353507
6050020
27559120
16320100
16552571
15329052
25226149
25781869
4751602
14046633
5443189
13146978
26703107
6214008
10697846
5702728
14832864
3970335
7294272
6742838
26422617
491141
18509102
26089365
8908073
28654959
4136909
28120780
11052896
28518379
17178876
13010692
25061562
22187310
14431304
29763214
24922569
13601727
25627236
12785758
28818698
27665666
6144444
13386359
16454152
3825721
13832150
13344474
28396440
4709421
10455149
12081016
10447391
9165646
3746716
24871433
29543348
9580169
22344323
189111
21943782
2751299
18865641
7389732
6356668
17316800
17659034
29893249
766441
7003026
26513210
10526238
407158
3869201
2609547
28080660
7097682
3513800
5988335
4136505
20769748
28606618
25031956
13296567
5035933
22381909
7164490
29227966
2839092
16549936
17872487
2966405
7828443
21961074
1201224
7358496
15302338
26913509
29436487
3048151
25035526
28741595
13866999
14105091
15494334
8898259
27420593
12581496
22591252
748705
10608883
4817040
20273101
25768212
8677815
4724060
25191945
28737382
13222598
16967287
19937241
8206483
1228265
16762095
3693698
12466576
283653
371588
18818342
10165757
22218768
20580361
9298291
12097890
14579979
8946790
465879
2633483
12121939
29873015
1366587
9609006
12989061
24224294
12423791
18802769
1417323
25297788
1707635
322283
17982519
1323881
12212880
8835745
18728996
28821300
16928982
18190728
9926010
2584999
25529125
5587636
3962654
1111924
5105990
22811479
18410437
12884421
13313699
24274959
9978946
6746046
129873
10186169
26452069
15256931
27853595
9544117
26470002
25250227
22306697
7784224
19599579
18522926
17823940
13592230
12776865
8535471
966926
15323268
15829466
19783888
20502992
8165956
13332828
2087767
7001258
16796858
3140378
20971782
23187191
18562355
19032670
11946844
24082435
11120560
15055690
6591308
1124120
20826581
6877609
4617944
8662574
18268200
18870742
6523248
28709796
9544348
2969496
9986781
28091675
22601926
12137030
22365494
1168584
26300777
2212439
4218984
9626807
2923885
14713253
29152793
19252930
8235430
25157773
8682296
13191593
21714785
23831328
27406162
6939096
5639674
16020602
896920
26831539
13213992
25679926
12420476
1075039
21783332
717306
2980239
13078934
26198057
13659547
12565654
5766824
16217908
8920545
882989
7710529
28797546
9951808
28510069
6626914
19900559
27750078
26199437
28205713
2355565
1684853
18785899
26500865
11821758
17653525
1629706
18445837
23673171
29426545
2708352
5715229
22478948
12339899
12405300
17352321
29403685
11159943
19900716
6575194
17705946
12717656
23772280
9817806
10528432
5815080
25402098
18570867
957345
7033138
9867594
13109232
24271627
4890078
10746542
3372851
13241379
10747021
15269994
18597647
3703228
23496326
27395364
9299730
28281041
2348542
25004539
22109982
5114548
12705632
16807553
5228301
28256990
23313656
9886501
8146138
22362406
444668
10290844
8747916
6008248
25774078
16687998
24938344
28196033
17905042
1607123
19852306
16296673
13341413
23318013
13758720
11738771
18170073
26604568
23732867
17149692
19732187
29361218
16298024
6351585
23182960
8431726
7521744
24611213
29504899
25393087
4847695
22738929
15693725
10794114
11936722
29143093
5953909
19284528
27969794
701047
22218375
11928946
17367431
19200996
612596
10148888
711217
17440245
25847134
19025031
26327205
26073628
27596398
2278295
6417058
13221853
3707842
5661170
8322392
11816252
26875411
10017321
20766803
13674069
5114034
1053365
17076713
5042126
21656772
11283451
12986945
6999329
193299
23288180
12771424
2487886
28065936
13829958
28998660
22239202
2304000
25554218
5606304
24437214
7705352
18717536
28896528
4307057
18822365
6777859
5317025
14363085
4432314
13350097
22707715
26369752
19399640
8626351
9996014
29586133
1772199
2767736
17686332
5434007
8347592
24497849
19498625
17417117
2571816
17590133
11536596
673994
18777569
17899754
966619
4105145
8946445
5345712
21874948
857905
6528094
12407571
15077138
15248283
5517623
6379036
1536165
16358424
2520254
27227825
7385637
7341104
23327313
28472008
20071291
12845176
15148439
23462269
17819915
21581112
29987167
20447693
29370135
6264286
5804272
23862817
15853513
9142360
3958008
1098828
17697924
11687809
11202602
6945059
3719017
22314503
26914740
19731635
10639584
28930355
11543408
6835715
29377574
23496020
8142411
24670000
6167129
15060021
6341600
11326756
27101527
21325964
13789903
18773618
4135622
13454653
19133948
28540710
6009915
22816087
17035585
25230930
15190274
9789804
12315364
18074631
6535394
18364022
14039228
8453651
8378753
22236542
28759093
12326492
17398881
7818872
8268229
8071357
4521126
22919753
20953790
13272175
25867432
19563958
21375645
12791265
19575465
26827182
10402364
4087550
12724049
23967183
20798259
29727792
23430589
20771313
12841075
18810356
19503417
14165087
4368241
14324227
7779074
4171480
19196005
28033794
23047375
21615495
1240806
8490269
9466701
40822
14061878
5030913
11796842
3189735
17995044
5945183
4284682
26279596
20988386
728
5914301
20862775
25686489
7097666
21407115
14922676
14349615
15038192
29942321
5469232
8736367
20516273
20951574
24983357
21001974
29228605
28005108
27556803
8432605
4277544
4835214
27609694
16774286
9273401
1897199
14185381
26281577
21208616
1070201
1935193
21969183
4908529
21752636
10788772
15203858
12999687
2973122
9458
8525543
24447662
19754825
9361572
24393044
10857683
24295024
22524125
16027558
8030997
7415521
20136625
21939015
13491610
14314762
16641213
15365312
11451929
26696564
7833716
20017566
4819089
4118427
26923061
3278562
8569672
23881975
15148658
16674524
11517324
3792764
23604575
12138472
1302570
14432025
19431283
14111119
7039
9865378
5673707
21943907
23864883
23353281
4935470
15533715
15192447
8582559
4513983
2263940
13403531
23206924
27175246
22505704
29272307
19729044
11769114
42115
7139056
11668294
28363394
17266023
1485317
10732076
19135714
6852550
4610192
7363546
2884397
9861681
22058690
28054237
22570936
4573240
29095663
3263384
420775
475846
908917
18968311
9652573
19982826
16017027
15035479
8851939
7654663
13856523
21590968
27586856
1375785
3734031
21258095
15792469
20607610
28971159
21
12769718
10683695
11873867
9401029
10948401
10535530
22667588
24021608
23840642
22029214
23229144
1525984
17913975
10452784
7347316
18373223
3654326
4203076
19833536
8994
18877661
7419818
22326196
17981613
2379989
12977188
18580079
27868400
11978350
11360527
5214011
5317250
26049146
2091904
4305232
28734846
16666991
29148707
20914807
13643168
13303160
24183650
15393778
10517207
15072705
23260763
11478270
449578
11846101
7654104
19398787
2570821
42002
27385046
15977783
17084802
26097185
163
28828968
20579527
2720833
15374032
29953237
10069831
23404099
2586116
4747289
18639569
12059725
2315159
10782527
24695805
16092888
13893174
17662457
5172138
58056
16265194
16776572
4378851
23604808
15627155
4404540
9608460
14223104
29191054
17574976
7565828
992523
7079264
10854060
2257269
11282456
16398176
8352894
38
2276791
20015346
27386820
18378886
10188007
14541794
16320880
13129477
2125705
2176123
8811650
12663346
26056371
19065325
4795790
11976218
8810833
11737428
25894510
14332461
28196113
26463192
23242404
15284997
11254433
3380488
23363643
15941454
27084207
9174720
22683217
11287413
22254038
9282368
1715458
25144507
26841186
90
18408901
28530902
28432022
5691168
4123759
3454015
9101175
23710648
23637655
15980414
21267615
8022844
7940850
25831674
3181150
18492817
21818756
27448337
8423626
29659243
14201984
17635271
8807654
5770911
20882392
590067
19802036
7579480
10411903
8936707
6976336
27258588
7153570
27372631
7607941
14161212
27049539
25164588
18315509
16037725
20799985
21217362
2735309
13517240
1617679
4504321
24394068
1459179
8834265
20563218
12561873
11300024
25582397
3834558
19563804
23462484
28488842
19186315
11800015
9223578
21137770
21433523
28689822
18894741
6615651
1062516
13202868
23745345
10790595
11847668
4911506
13460011
9307262
8634278
22815623
9995422
23230654
21877923
19661406
10917273
4757503
477894
5658700
19096369
8069169
3094288
4820111
4159433
21424015
25166281
14087937
1456739
5087398
27351057
3698089
16351961
26528085
13581559
10129402
26299568
2693976
25703282
17880472
7009572
3636535
10690682
5749850
19907474
7175616
28026963
23632015
3081323
14406569
16988163
5645979
1739643
10039574
18569589
5528049
18922726
7935376
17536386
6829550
3264800
11344902
1218742
26915528
27608678
3788640
18742378
7298915
8970
15528139
27336140
2546909
22200427
1140791
6256248
2301488
5314321
29206798
24168374
2902020
15603688
410667
13032558
10117857
4807853
28088452
26643953
22778582
3666349
22906754
16330959
5058827
1576955
6573389
16269619
1964526
29198753
11134920
13713085
2880963
19986541
13129305
20338483
22205433
219457
11488634
2081015
25378295
8667271
7412073
26043604
5409036
1359613
11482781
24961084
7700965
18834070
10655146
11856858
6375246
29755065
10899916
1956208
14376683
17760781
27092808
67
12731365
19932468
17619769
13384739
9532857
364145
22886286
9943329
14137978
29779977
18404018
16662919
1989597
12262335
5268379
28889436
20879943
4421121
23424302
3432632
17700914
16959983
19961383
23494041
5402197
1496124
19747701
11646237
3778201
3799298
14394185
16393664
26391338
20103752
27664531
4407988
11623153
5585
20937420
20134907
22692029
6524597
11034631
17459179
21010031
4034927
631393
20718572
21718425
18360406
16515155
17807762
12903291
25037211
13118253
1836544
4038076
1980328
12648115
22273801
345267
13755195
25396482
29374327
29299155
5235032
11273953
28487759
11810561
28547746
861313
16438742
14545268
26987639
19877297
377
19456403
24057527
11557111
22456223
26988698
605101
2717931
4636784
10635215
19545447
17484124
25105644
28862623
27814685
28370632
17793608
22017455
24154835
10908605
13283976
8820564
8311584
9651578
13898552
12318688
23439093
8750889
23248043
18454293
3039878
9504799
21043167
19183767
9674360
24579642
1614356
5555315
149
24546572
9358799
21381760
1073189
29871386
5436239
15322560
25157914
28999022
14336416
1884454
24567280
2328281
23410972
27786981
18680780
27752973
10754440
5616028
25463927
17924336
5319872
1881731
4200
11843100
27005308
26949396
17911214
29748634
14432694
15505748
2534188
1777481
22768067
18348613
2744062
29361602
26849918
7039786
9015119
20170640
18516549
18037141
3614729
8147272
1998
1777468
9868524
62826
16349402
1268569
3527967
17201490
12286677
21056374
22395564
4135672
28246899
4959427
22201191
3394002
14909484
10365832
20390941
27459060
19899341
10065965
2605218
18259265
1819876
19553473
10265814
11378226
17748177
29501624
6254837
22469491
8443190
7445524
28216777
5873888
22677932
27962103
6751762
