100
1 827
158
2 768
148 86
3 721
87 121 143
4 145
168 133 19 167
5 828
6 125 32 130 89
6 615
141 60 101 70 106 78
7 1020
161 89 150 156 30 161 158
8 1005
140 170 27 139 174 92 117 29
9 1137
144 110 150 82 59 99 11 141 48
10 1159
36 126 12 25 80 178 156 176 19 136
11 1311
94 105 20 93 6 82 76 177 38 60 97
12 1230
3 31 58 168 53 111 68 179 25 162 107 175
13 747
78 90 50 31 89 137 78 52 87 96 128 163 92
14 1646
104 91 108 155 177 93 67 169 14 171 120 47 124 124
15 1692
171 122 176 63 40 50 1 40 160 33 160 55 127 91 124
16 780
47 70 119 33 67 74 62 120 162 175 7 111 92 100 18 42
17 1151
90 128 58 84 170 47 100 164 36 77 101 126 90 178 10 178 98
18 1811
12 126 124 63 109 88 80 35 18 177 138 81 37 133 138 147 147 25
19 1863
74 153 36 131 62 68 29 70 159 97 126 62 141 66 38 110 90 64 51
20 981
69 110 107 165 3 63 34 59 17 100 121 21 144 169 116 164 110 162 111 13
21 1181
39 35 74 162 13 162 155 137 164 104 132 67 119 90 39 11 91 18 94 48 127
22 394
13 44 24 177 13 6 80 11 176 10 44 137 41 5 177 93 135 95 15 165 121 16
23 720
140 163 25 109 75 9 126 78 71 6 148 25 120 6 11 123 47 78 31 113 138 78 10
24 752
1 168 177 89 55 170 160 100 135 1 5 97 34 6 83 35 97 43 88 64 62 109 50 103
25 2176
29 165 31 42 72 114 92 99 133 51 42 170 117 131 31 48 27 130 94 139 16 30 25 111 48
26 763
148 88 69 70 102 67 135 17 143 166 5 118 140 89 156 134 154 101 3 26 41 174 167 5 121 119
27 514
97 121 47 12 46 120 65 109 140 108 123 133 161 73 137 169 92 147 147 143 49 18 97 31 83 107 104
28 2706
41 106 133 108 130 21 108 108 105 137 74 87 34 166 99 36 107 148 7 80 6 60 139 47 30 107 2 42
29 1538
104 164 114 144 132 53 84 65 3 176 15 61 164 134 38 154 72 47 5 122 119 141 17 9 25 94 53 27 60
30 71
79 29 71 128 143 78 158 179 71 31 173 178 68 104 117 50 94 8 178 49 86 38 44 100 125 35 142 15 3 6
31 296
76 119 48 98 129 141 88 162 130 136 20 18 103 146 76 133 73 90 112 109 150 36 178 60 175 107 43 102 102 42 28
32 1807
154 32 124 29 157 34 72 32 135 137 71 83 77 45 15 178 79 19 61 123 18 156 14 154 40 62 76 67 56 172 2 151
33 3343
117 14 91 33 77 165 152 179 15 55 76 71 162 65 2 49 157 138 93 119 61 37 89 121 11 179 74 129 34 51 117 171 78
34 571
71 31 71 35 175 38 67 67 109 24 40 53 73 54 45 158 121 68 90 63 25 62 68 99 163 10 93 156 179 44 66 127 74 18
35 459
142 136 55 21 118 134 100 135 12 142 48 43 56 66 133 111 120 115 37 151 70 137 68 82 1 59 79 83 81 44 123 179 162 53 171
36 2905
42 71 49 85 70 65 67 34 91 100 56 107 159 37 84 39 149 178 126 122 94 166 56 128 138 59 125 124 20 178 142 30 142 65 97 62
37 449
93 112 38 66 2 137 17 133 157 121 74 53 166 75 112 117 130 78 93 142 63 162 125 119 134 151 84 120 3 136 7 70 37 105 83 22 81
38 3832
48 120 178 164 31 62 150 80 22 102 40 33 141 171 39 15 50 1 176 35 32 115 4 29 131 9 43 135 73 85 177 1 174 99 162 145 98 6
39 4067
50 94 68 101 115 125 5 43 149 39 141 134 133 18 109 46 128 139 16 148 71 4 121 70 88 110 156 137 120 89 105 134 34 108 152 46 92 141 90
40 4036
53 164 21 73 100 159 2 115 115 83 104 44 16 98 52 46 97 175 169 104 132 88 134 56 103 97 14 29 155 16 153 62 38 152 152 112 25 67 161 10
41 4038
31 150 138 136 158 147 51 115 56 117 1 170 26 174 52 82 178 37 126 154 45 94 50 91 100 112 54 152 61 152 127 108 26 30 66 21 61 164 170 163 29
42 175
30 86 61 3 3 141 173 95 116 12 70 40 139 64 94 3 120 105 148 96 151 130 46 60 73 144 39 80 4 60 136 111 157 167 55 7 97 160 177 42 90 40
43 4627
115 113 97 112 112 86 43 56 44 108 132 152 166 172 42 126 98 86 77 3 150 54 87 105 167 91 44 95 46 138 10 136 106 170 8 58 66 145 59 134 154 27 59
44 1311
151 91 13 21 23 164 105 127 126 47 145 52 140 95 57 112 171 168 113 127 83 78 17 175 130 130 146 59 68 49 138 150 179 98 80 9 142 38 128 151 60 9 61 81
45 2415
175 13 114 135 6 19 178 3 161 133 97 10 38 43 30 154 79 135 51 117 161 91 36 37 168 153 122 134 74 43 96 167 48 60 106 54 21 62 19 152 153 106 55 27 71
46 1643
128 68 88 151 127 65 170 128 101 171 41 74 161 2 18 49 73 43 147 143 103 108 179 143 37 95 23 142 150 89 153 153 153 83 51 113 101 32 112 58 64 117 124 111 163 152
47 1613
33 132 115 77 106 155 39 158 94 148 151 38 37 17 170 72 105 6 128 24 103 26 130 82 57 19 90 126 70 59 101 120 1 149 55 20 4 12 150 17 143 140 166 116 60 70 139
48 4568
158 76 8 88 4 39 52 169 75 90 178 1 154 103 7 145 150 43 159 170 32 155 20 71 53 39 60 122 29 176 157 112 78 87 88 1 167 27 120 80 40 13 80 1 143 126 130 135
49 1203
158 15 22 99 178 59 15 15 37 14 107 75 85 34 86 144 160 59 92 23 15 29 146 77 84 87 27 55 103 155 15 126 155 3 36 95 75 104 178 12 64 12 36 89 97 24 70 15 114
50 3856
60 71 75 164 107 82 124 41 100 92 80 126 38 105 72 81 129 175 67 55 128 77 163 51 133 106 169 1 92 96 14 177 168 87 95 10 41 116 55 33 35 147 78 80 120 174 64 57 71 163
50 1252
138 124 13 47 150 151 16 150 68 171 54 50 63 110 145 141 125 142 116 27 49 52 31 72 44 66 21 34 148 170 110 151 138 85 166 162 113 113 173 119 85 78 122 78 17 27 118 118 44 55
50 4739
30 68 13 71 31 77 68 156 167 158 75 47 85 109 115 43 143 102 155 14 60 155 40 111 66 16 131 13 86 8 151 152 174 87 55 50 85 55 86 122 27 146 122 123 82 108 110 24 53 38
50 4410
169 170 87 162 177 119 152 128 69 140 108 148 158 129 34 159 85 167 161 32 165 18 115 86 56 106 161 9 134 2 51 22 137 6 172 82 141 38 44 50 108 127 54 114 117 17 101 110 69 111
50 391
105 54 103 135 142 69 138 6 69 69 110 141 63 144 160 108 120 155 96 133 36 14 25 64 118 76 125 76 3 145 91 21 72 75 170 80 88 86 93 88 119 11 157 8 17 82 5 155 25 31
50 4047
60 172 92 50 61 7 129 156 36 89 77 27 150 91 70 108 62 102 94 6 7 36 2 94 9 47 178 81 42 130 168 14 93 51 94 92 169 154 63 77 145 14 49 89 43 94 20 148 84 72
50 1299
92 105 61 166 171 121 18 104 174 34 80 146 10 66 20 86 126 59 30 143 66 93 150 133 84 55 104 89 88 43 141 138 174 102 173 55 36 79 133 3 169 139 3 62 109 125 95 168 18 66
50 706
58 63 55 113 40 147 131 80 142 2 17 80 170 96 76 102 48 15 111 26 114 130 90 37 158 40 143 29 160 106 33 1 152 162 168 42 142 22 31 118 28 60 3 46 21 44 146 37 69 136
50 1095
144 115 102 162 41 130 107 72 155 12 40 79 20 143 145 63 86 126 39 52 114 94 149 83 47 170 12 39 2 168 125 164 85 75 53 172 95 166 13 36 93 131 35 29 107 16 18 115 123 135
50 4776
170 25 26 14 161 69 164 82 169 54 166 37 86 146 129 82 169 177 79 100 14 18 166 57 63 82 101 166 153 101 176 137 17 76 7 28 98 83 3 75 170 123 113 124 178 153 42 103 76 102
50 364
168 26 108 57 155 96 94 161 98 65 163 145 36 132 74 168 37 178 97 104 56 19 3 174 41 61 71 58 73 97 150 100 159 43 68 35 135 17 68 134 23 90 13 160 87 73 138 143 54 100
50 3908
152 42 74 109 114 175 139 118 25 95 55 72 31 50 60 62 26 113 25 11 93 71 48 101 89 128 153 23 129 9 103 17 179 124 127 29 138 153 90 156 162 77 47 54 101 63 43 146 61 44
50 1302
47 22 20 92 10 175 73 7 129 41 131 144 99 13 36 161 134 115 2 65 33 169 46 45 41 175 105 27 63 13 13 21 101 3 80 84 21 16 26 10 133 52 166 11 129 115 121 63 78 96
50 4504
79 40 151 141 112 163 41 125 65 135 40 81 130 31 133 171 19 122 107 10 50 147 60 116 171 63 179 106 15 12 19 130 150 65 59 11 41 10 71 70 178 96 110 57 116 158 157 79 20 12
50 2518
69 153 158 16 109 44 53 36 52 162 29 79 60 120 1 122 136 125 53 53 82 9 80 157 37 141 139 143 99 85 105 93 121 31 17 154 71 116 16 29 97 1 172 142 3 105 23 174 2 41
50 2692
49 103 55 30 49 11 111 108 41 63 1 33 21 52 105 146 17 2 28 79 75 137 64 13 9 100 124 129 139 153 53 146 140 176 132 163 63 63 113 149 119 123 103 58 172 99 25 10 106 151
50 469
44 25 34 1 102 62 63 143 83 30 142 10 125 109 93 133 78 37 129 63 86 27 65 178 41 82 164 104 121 126 164 142 162 45 152 4 106 152 134 17 136 111 167 40 54 1 32 162 49 93
50 1875
179 161 48 100 67 82 108 56 64 172 8 26 12 145 105 19 26 92 26 159 119 156 69 76 18 116 51 136 54 84 39 130 118 3 25 90 166 47 94 169 139 113 58 25 34 77 169 128 58 109
50 2271
37 2 132 50 45 87 161 145 70 176 82 75 135 136 9 66 163 80 177 88 114 74 21 164 79 9 172 32 31 43 96 78 39 171 105 92 54 152 64 45 65 157 155 3 4 6 176 73 74 165
50 1779
160 59 158 1 133 116 24 6 38 86 151 108 106 152 146 53 63 60 146 159 141 139 76 94 79 100 112 66 20 79 67 177 7 160 118 173 174 137 138 22 39 114 7 96 3 111 90 142 83 78
50 3700
109 103 131 144 104 104 90 166 32 121 145 127 139 101 91 59 39 106 38 82 52 38 53 160 173 78 115 179 21 4 148 67 114 79 174 53 13 86 166 59 26 15 170 37 61 25 15 153 28 19
50 3754
55 39 53 122 178 28 94 53 164 71 76 131 103 136 81 54 30 19 68 2 21 25 2 79 86 68 37 71 36 27 145 36 60 93 97 51 103 59 65 16 95 171 38 88 37 54 31 40 77 59
50 3002
78 106 82 63 1 2 27 83 36 44 16 145 18 130 90 96 51 153 36 8 41 168 50 161 147 97 115 35 14 90 166 123 115 30 73 154 61 31 94 58 120 15 151 114 39 112 176 63 165 74
50 4866
155 15 46 5 95 127 33 28 41 143 137 131 98 112 37 51 129 168 138 78 15 157 154 121 157 30 175 104 139 47 101 169 57 132 11 90 149 104 51 30 18 134 58 29 171 48 149 11 162 164
50 1990
133 19 3 157 148 98 146 114 160 71 44 98 152 146 57 67 60 50 131 118 85 9 152 59 22 70 36 107 81 12 76 175 158 80 157 61 76 66 83 5 32 175 93 87 126 109 35 59 146 67
50 4804
52 16 9 112 176 1 119 49 77 90 13 179 119 43 40 96 174 102 32 104 135 44 118 138 67 147 118 50 103 136 75 20 124 131 121 127 51 149 45 168 170 112 117 106 130 54 170 55 85 127
50 1401
122 55 68 77 42 159 67 28 45 118 51 7 110 167 87 23 59 69 95 52 111 14 6 4 153 164 135 163 125 139 160 87 22 177 175 129 134 166 22 54 82 103 131 158 39 103 123 20 66 46
50 2272
92 116 54 14 166 174 66 23 127 24 147 61 160 141 128 92 170 58 3 80 33 171 152 120 150 61 18 165 155 11 130 130 13 61 176 170 6 179 85 94 137 95 105 55 83 164 122 175 39 38
50 1714
11 70 136 1 145 137 14 93 122 79 78 107 142 22 42 120 96 37 78 35 80 74 62 48 86 144 13 102 137 33 93 177 39 66 135 123 49 13 26 54 84 179 96 122 78 53 141 41 77 114
50 3021
70 69 135 71 107 114 13 120 19 109 153 151 56 103 36 152 100 79 46 22 4 6 2 97 164 96 53 116 25 153 85 168 147 176 161 105 98 48 24 178 164 64 148 176 41 19 106 63 173 64
50 1147
159 86 64 132 111 69 132 34 132 10 62 116 179 57 59 85 101 29 162 12 136 80 9 57 17 133 174 16 43 5 105 109 159 176 64 54 123 8 155 61 70 18 104 55 143 48 83 6 171 156
50 5412
158 108 33 165 130 104 123 151 131 135 48 27 7 164 17 20 113 135 1 168 145 74 69 167 88 98 19 146 143 3 111 68 139 9 148 166 67 2 155 168 177 126 125 60 134 44 16 152 160 95
50 1718
134 46 157 177 39 42 40 107 150 37 89 9 126 125 91 115 52 148 70 13 9 169 128 66 175 179 149 37 141 9 163 98 95 8 20 164 178 20 81 25 94 163 63 66 100 48 74 74 111 122
50 2725
60 68 169 140 95 97 31 108 82 82 93 10 68 10 10 119 101 2 137 114 7 164 28 179 8 9 152 76 94 64 45 141 26 112 114 158 177 86 165 18 16 140 131 50 129 144 11 67 71 89
50 4838
138 169 168 69 163 16 131 96 43 149 58 154 67 24 5 166 133 105 61 110 79 76 46 57 143 118 52 25 72 116 124 29 46 115 67 28 173 21 66 159 127 15 88 129 136 45 96 43 88 12
50 2409
171 104 157 118 75 43 145 3 2 152 86 105 50 164 107 101 24 149 141 20 151 19 83 131 40 82 168 50 145 14 19 6 116 142 166 128 148 130 115 140 147 41 129 27 8 50 174 120 145 130
50 2635
137 136 112 82 137 89 65 171 103 16 98 135 16 176 80 145 151 13 30 145 96 101 127 167 71 123 49 165 15 59 31 97 14 6 28 101 123 140 1 140 23 38 42 145 119 164 94 118 76 169
50 2451
158 138 96 179 7 9 130 132 164 44 160 57 81 62 64 145 129 98 102 98 114 126 36 109 50 52 79 71 78 67 20 147 125 28 12 81 128 31 176 43 15 141 79 63 16 153 9 88 167 44
50 4278
99 112 113 156 43 177 132 141 115 122 142 148 132 14 65 99 94 153 174 112 178 95 166 50 131 92 66 150 36 174 40 82 152 100 44 80 68 31 18 87 46 83 49 152 120 30 145 167 161 150
50 2421
105 100 102 12 89 53 23 121 120 20 82 76 45 153 16 20 84 96 30 61 145 47 34 172 70 104 44 140 98 167 11 139 107 179 149 172 52 179 69 128 133 105 146 111 51 121 15 112 100 56
50 1346
44 140 165 76 30 121 38 28 76 160 176 47 52 79 42 40 89 113 18 1 79 149 100 131 77 10 146 65 145 145 24 21 91 34 80 80 8 94 65 87 31 30 155 168 53 79 82 100 86 11
50 1664
50 136 78 149 100 74 22 108 94 77 2 40 69 114 115 27 57 155 25 156 38 41 161 117 115 121 54 20 10 28 136 105 77 97 44 69 102 7 122 55 154 105 167 29 23 80 75 39 66 53
50 1362
43 142 128 103 21 177 34 18 130 87 167 140 111 65 148 7 105 179 121 16 125 31 123 168 48 176 33 137 90 86 103 24 21 68 57 90 165 135 143 66 151 18 113 161 82 80 2 25 83 34
50 3396
46 158 25 17 101 177 97 94 14 78 74 111 79 28 68 12 62 59 166 145 128 27 49 74 169 34 15 157 35 176 169 10 141 85 141 172 24 133 85 83 149 111 77 55 93 82 96 3 114 92
50 3793
54 63 51 6 57 100 123 47 155 31 129 18 128 29 125 12 154 32 46 59 15 7 40 23 44 130 169 86 121 123 112 112 75 27 62 81 171 160 48 127 148 98 48 65 16 77 141 172 55 110
50 2447
32 178 90 71 170 24 30 48 157 177 121 162 98 129 110 34 37 150 112 115 65 105 170 148 2 96 22 80 105 91 61 124 45 52 61 117 106 25 5 127 145 92 63 111 38 83 168 177 26 120
50 239
23 161 130 8 28 150 7 132 101 91 165 108 110 7 174 107 91 42 73 65 106 114 103 105 164 157 78 43 90 135 138 67 128 80 2 81 41 92 168 16 36 124 79 6 172 147 56 160 13 144
50 2318
83 140 66 47 108 129 147 112 140 138 50 17 2 16 35 20 169 11 77 4 98 110 41 35 172 45 1 73 2 105 122 168 13 3 138 95 71 23 59 123 25 146 125 9 14 101 98 71 26 166
50 3157
50 117 164 137 126 158 179 52 66 24 41 47 144 65 5 61 140 72 47 90 92 106 89 80 151 132 21 66 7 88 37 126 166 81 18 169 123 52 138 93 57 102 44 36 70 166 28 157 22 179
50 7
99 169 137 17 92 11 103 32 175 36 46 139 20 147 28 70 169 77 78 75 61 91 83 86 74 174 123 11 104 172 62 147 43 25 148 161 179 85 32 103 154 51 36 169 63 137 70 103 9 148
50 9627
179 179 179 179 179 179 179 179 179 179 179 179 179 179 179 179 179 179 179 179 179 179 179 179 179 179 179 179 179 179 179 179 179 179 179 179 179 179 179 179 179 179 179 179 179 179 179 179 179 179
