100
1
10000000
2403737
948025
7148166
527123
7413158
3488953
997572
5558107
7929478
6501476
6326931
9468180
4552455
2741858
9707512
710664
5726274
9406320
4917859
5236093
7108619
8681506
9570643
2543991
8942035
6651360
118648
5492149
8908983
9196346
8824319
8872318
225421
5444759
6365142
6688057
9896041
5757772
8253454
875418
3828657
1450138
7704367
9581429
403405
7427702
6954545
7051890
5408580
6893530
7730144
9510661
6522132
2352183
9350112
4488973
8493563
3463814
3853861
42393
5232433
3902114
3314398
6414827
2701723
6975455
8756623
7910315
597189
2393155
9286396
7822416
1024789
1843337
3845230
6131821
8107181
5899062
8167754
7543838
9130640
3096595
1319271
7115706
8945239
1095731
7067899
2332927
8539110
7547351
1537589
1057483
308276
3632297
5343353
57544
4301136
4018701
