1000
19 39 8 18 48 13 33 34 27 45 50 12 32 30 20 18 17 8 26 6
18 19 3 24 46 33 9 44 26 4 16 23 49 4 32 18 1 45 8
9 37 23 47 38 36 28 18 8 5
9 36 15 23 12 34 25 36 31 8
6 46 26 34 49 41 8
8 49 44 42 19 46 36 21 7
12 10 17 22 46 46 39 3 45 26 17 17 8
13 2 44 24 34 2 19 11 38 19 1 47 20 7
17 38 38 42 25 10 25 35 28 46 30 23 36 34 18 13 2 5
10 50 6 31 25 39 33 44 2 22 8
8 2 18 33 48 8 22 39 6
19 31 15 20 8 13 1 33 48 34 2 13 36 37 12 41 18 38 31 5
8 31 32 23 47 36 42 29 8
20 1 1 23 35 31 37 4 39 49 5 21 49 40 22 11 25 10 24 17 8
7 11 50 30 44 31 4 6
17 18 46 18 50 46 20 24 32 1 11 38 41 9 44 13 7 6
15 36 19 8 47 42 26 26 5 25 5 48 8 9 39 5
19 6 8 27 3 28 50 35 30 10 24 22 21 17 34 29 49 21 50 8
14 17 41 34 42 47 10 47 46 17 7 34 42 12 8
11 20 16 19 19 2 48 31 25 19 3 6
12 4 33 44 24 32 1 40 25 36 34 21 6
12 32 17 14 38 50 7 1 41 26 18 11 5
10 20 10 29 44 28 31 39 33 13 5
4 8 47 32 5
8 21 20 33 41 17 14 7 7
13 3 9 37 5 1 12 22 12 10 41 21 38 5
15 1 20 25 33 35 6 41 31 39 40 1 10 24 41 5
10 37 50 8 41 8 44 45 8 7 8
17 21 17 9 42 6 47 42 26 21 26 10 28 18 40 18 9 8
6 30 32 32 5 20 5
13 14 10 40 7 6 50 16 24 20 34 34 13 8
13 30 6 16 2 32 27 31 1 16 50 10 7 8
16 43 41 36 13 23 49 24 15 8 32 16 23 5 35 8 5
6 48 46 21 3 14 8
5 36 40 4 37 7
9 5 48 16 34 40 6 19 4 8
13 19 30 45 26 11 10 50 15 46 7 6 45 6
18 26 50 18 49 37 7 4 25 16 8 22 32 43 14 37 11 19 6
13 32 48 13 7 8 24 9 24 22 15 29 16 5
16 6 17 38 4 4 47 9 28 12 17 2 43 9 15 32 5
12 35 50 5 33 15 11 42 38 21 16 9 5
9 46 27 6 2 43 46 7 46 5
7 16 24 7 34 27 2 6
11 43 33 17 27 34 21 9 48 34 1 5
18 4 18 46 41 13 22 49 14 15 44 21 10 39 38 35 45 21 5
19 46 16 3 30 33 32 14 3 40 11 36 42 48 42 9 44 32 22 5
6 30 37 29 25 9 6
19 13 48 27 10 20 40 5 36 44 35 18 25 50 22 15 10 10 8 8
6 3 19 1 34 42 5
17 16 28 46 40 39 38 5 36 16 14 6 5 20 43 49 4 7
17 23 3 33 39 15 44 49 22 46 17 24 32 8 40 47 37 5
9 38 25 26 42 13 42 7 18 5
15 27 10 46 32 21 21 35 5 11 1 1 9 24 46 7
14 47 27 36 38 25 23 25 13 49 50 4 11 43 5
13 30 41 37 41 38 20 13 10 6 20 21 6 5
7 31 29 17 8 25 44 6
15 15 20 17 39 32 16 40 36 28 35 48 10 25 36 7
8 14 5 15 24 11 36 46 5
8 5 26 47 21 35 23 16 7
11 37 36 48 27 19 15 17 6 43 1 7
15 4 27 40 5 40 47 21 15 9 6 10 26 12 38 8
15 35 22 47 2 3 33 39 1 10 8 15 28 13 9 7
4 18 14 8 8
10 21 49 5 41 14 13 49 25 39 8
17 12 12 48 36 8 50 40 41 40 40 2 47 7 31 12 17 5
7 31 33 19 39 3 17 6
20 45 32 10 43 7 48 7 20 12 4 5 19 3 45 11 43 36 14 41 7
15 44 4 13 5 34 45 25 25 47 44 22 41 25 31 7
7 33 31 42 3 42 47 6
17 12 50 5 23 44 41 36 36 36 32 40 48 38 25 44 13 5
16 40 6 22 33 32 5 20 15 35 13 19 28 9 27 39 5
11 32 11 5 24 49 41 11 32 32 9 6
10 6 2 33 9 44 40 30 28 24 8
4 47 38 20 7
12 8 47 19 34 36 29 17 48 33 42 48 7
15 3 29 6 11 50 14 14 34 22 9 26 3 36 49 6
15 34 38 10 44 45 7 13 30 44 43 47 43 27 38 5
8 2 40 21 9 2 22 24 8
17 6 45 26 33 50 12 31 40 45 20 49 39 14 7 3 43 5
7 45 41 43 23 31 35 6
17 20 5 35 24 27 8 41 34 5 16 16 4 29 48 45 26 5
20 43 16 32 50 18 26 1 14 17 45 36 49 29 12 18 36 48 43 14 5
13 33 47 9 1 14 14 29 11 8 4 29 3 6
8 12 4 38 37 4 1 5 7
7 39 3 31 2 23 16 6
15 15 31 5 50 27 16 50 40 29 30 2 39 34 32 8
14 4 43 44 42 30 49 44 36 49 34 41 32 35 5
16 49 35 29 30 40 28 6 5 29 48 35 9 1 23 44 5
4 13 47 25 7
7 40 6 7 34 42 7 8
14 32 38 4 46 37 40 24 16 29 4 23 35 32 8
8 20 42 23 44 35 5 9 6
13 31 16 23 37 22 6 30 31 27 13 18 30 8
14 6 21 33 23 2 38 48 36 22 19 7 13 43 5
8 50 47 9 33 30 26 5 8
12 48 13 49 30 39 11 47 20 20 5 40 6
5 27 41 44 24 8
7 15 45 35 27 37 37 8
6 34 45 10 15 21 7
4 32 20 27 5
14 49 15 42 47 34 13 3 25 18 30 16 11 5 8
9 25 49 28 4 36 17 31 21 5
16 41 35 33 7 18 4 33 47 4 49 40 3 34 2 5 5
16 19 34 23 32 39 18 6 39 48 11 24 14 44 44 26 7
12 30 9 42 47 14 24 45 18 22 34 22 5
10 37 26 14 8 12 37 39 2 6 7
7 40 3 9 14 16 2 8
16 42 37 39 2 28 37 15 3 32 34 26 17 5 32 6 5
5 45 15 44 33 7
10 47 39 50 36 41 10 1 9 11 8
10 50 49 2 3 28 38 19 32 21 6
5 7 38 9 38 8
20 41 33 9 36 15 13 32 3 14 20 46 24 20 4 36 33 5 37 34 5
14 14 22 25 46 44 29 4 33 38 42 27 30 26 8
4 16 42 49 5
9 47 13 18 42 38 40 47 23 8
17 1 11 6 9 27 29 35 22 22 14 27 5 3 20 33 32 8
19 20 49 39 18 48 35 32 17 28 19 6 24 44 30 26 4 37 34 6
17 15 18 3 38 33 32 44 35 1 27 19 46 46 17 36 13 5
15 20 47 33 47 15 40 22 10 19 47 16 5 30 47 6
11 49 50 9 34 31 2 18 33 30 38 6
19 25 5 15 40 22 34 36 6 32 2 46 3 14 16 49 29 21 30 7
10 41 31 26 1 14 8 5 33 41 8
20 21 20 11 25 35 50 48 20 37 4 2 40 49 6 3 14 7 31 36 5
17 8 29 18 33 29 31 43 33 14 33 19 34 4 29 10 40 5
16 7 10 18 10 13 7 10 20 12 26 26 44 13 14 1 5
13 31 36 20 12 30 4 27 12 22 10 17 2 5
6 7 31 27 18 50 7
6 32 9 50 1 20 8
15 29 13 38 42 16 28 22 3 49 35 32 3 11 45 6
5 22 13 28 42 7
14 10 21 38 10 9 19 18 8 22 39 35 50 3 6
12 41 20 3 14 22 4 1 5 8 13 1 8
4 35 14 12 7
17 34 22 48 22 33 8 42 2 18 13 40 4 12 44 27 2 5
20 31 18 37 34 18 44 41 30 44 26 16 9 37 46 45 10 45 16 42 7
7 9 45 22 22 36 25 5
20 30 3 37 45 33 4 31 19 23 26 9 4 22 34 20 30 23 15 24 8
14 9 41 26 13 50 20 34 21 6 10 5 37 12 8
17 31 47 48 13 15 20 39 25 24 10 11 45 41 33 11 17 6
11 21 7 39 34 8 11 19 30 18 31 6
17 4 44 27 36 42 25 50 8 46 40 33 19 1 45 15 42 7
13 25 8 42 46 16 33 31 24 43 1 3 10 6
6 39 15 27 16 2 5
17 42 1 28 37 43 10 8 43 6 22 34 34 47 43 25 44 5
10 9 26 36 3 26 40 14 11 29 6
12 37 46 31 6 37 32 33 23 26 44 30 7
16 1 4 4 34 50 48 11 45 8 19 20 43 22 47 35 5
15 7 13 15 45 10 45 3 46 28 37 20 3 31 2 7
19 33 5 26 17 6 23 27 50 33 47 19 27 20 17 11 7 24 25 7
15 18 34 17 20 29 47 7 1 49 39 2 23 21 8 5
7 39 13 21 17 12 5 5
19 32 31 35 48 42 41 23 16 11 43 50 30 12 30 26 20 30 26 6
4 33 49 33 5
15 46 23 4 18 40 17 22 5 48 3 39 48 46 30 7
20 11 42 12 12 21 26 44 46 47 25 22 9 8 22 41 49 17 15 5 6
4 4 21 10 5
20 21 12 49 18 9 30 39 22 21 3 33 42 28 26 39 26 3 12 34 5
11 33 26 12 2 41 16 38 46 37 47 6
19 7 11 6 26 19 35 14 40 5 16 25 48 45 50 37 21 4 48 7
11 15 31 34 27 34 24 42 21 19 28 5
5 26 36 29 31 6
16 48 15 27 37 22 42 11 19 39 13 5 11 16 5 18 8
11 37 1 9 20 24 2 42 45 32 10 6
9 17 39 3 30 36 17 6 24 8
17 49 37 9 39 49 15 49 16 19 17 50 7 17 8 28 43 8
12 19 39 43 29 10 11 17 12 40 4 31 5
12 27 20 46 13 28 34 13 43 35 31 13 5
11 30 22 19 40 49 13 1 20 1 45 8
15 13 5 16 24 45 21 6 41 49 26 38 14 5 24 5
4 47 10 8 7
11 12 40 35 30 31 33 45 33 4 47 6
6 3 9 31 20 35 6
18 40 40 20 41 15 9 4 22 32 31 18 43 39 31 4 30 15 6
10 12 50 30 44 3 26 22 8 35 6
7 27 21 33 19 10 2 8
16 27 10 12 48 44 42 17 36 32 48 42 13 14 27 24 8
8 6 19 18 33 40 25 17 6
14 1 39 26 21 49 29 29 25 40 40 24 35 34 8
17 23 15 39 14 30 3 40 3 15 45 22 34 29 13 8 48 7
8 9 36 33 29 34 13 10 8
5 3 1 33 39 8
18 23 11 1 13 24 30 15 15 34 32 11 5 15 40 18 23 37 5
12 33 22 10 13 6 22 22 17 26 23 50 8
19 8 24 25 8 38 1 39 3 15 23 34 28 29 50 17 48 22 3 5
13 6 26 34 21 33 5 42 50 31 16 1 45 6
14 26 19 35 13 21 24 15 36 48 50 13 26 2 8
16 26 25 35 48 31 10 31 1 43 37 44 44 17 12 46 6
9 37 21 34 21 33 4 46 50 6
15 45 1 3 23 2 35 48 29 19 47 9 29 29 11 6
11 15 4 18 34 17 13 46 3 33 29 8
5 17 33 23 18 5
18 18 21 28 40 24 14 39 2 33 35 10 13 13 22 37 29 26 8
11 12 44 16 10 47 48 40 24 16 24 7
13 34 47 15 6 26 6 29 39 44 31 23 30 6
15 35 44 14 21 23 41 24 36 34 41 47 32 38 37 5
14 6 10 5 41 8 21 46 35 27 24 26 22 6 7
8 2 50 35 47 13 5 21 7
6 31 7 38 21 3 8
20 11 41 28 18 1 32 8 8 3 5 43 31 28 18 2 36 17 5 35 6
16 4 49 8 24 3 40 30 42 12 35 13 22 25 41 41 7
13 24 48 37 28 2 31 8 32 50 12 19 16 5
19 3 17 21 1 26 45 5 15 26 46 26 12 9 50 39 1 40 15 7
12 40 3 4 43 33 11 24 32 24 42 48 8
10 46 16 14 48 41 10 2 5 38 8
16 32 49 8 31 39 8 21 6 33 12 8 36 4 41 49 7
18 24 24 21 21 17 19 38 33 16 30 42 20 36 31 19 18 32 7
10 48 20 33 20 25 15 33 35 3 8
4 27 1 16 8
18 26 36 23 43 6 10 25 24 40 18 43 25 49 11 42 30 36 5
19 49 20 13 26 36 46 12 38 32 38 40 49 37 16 34 9 8 42 7
10 34 15 10 1 7 36 49 19 30 7
16 6 23 31 25 35 6 10 32 19 50 15 6 41 13 44 8
6 49 3 15 40 25 8
20 6 36 1 14 21 1 32 50 33 37 22 13 13 9 20 24 42 38 23 5
7 43 16 21 36 21 19 8
5 38 10 14 39 7
19 49 39 28 22 42 11 23 24 49 47 38 11 5 7 35 48 44 9 5
18 38 24 27 23 47 45 15 36 7 30 24 21 29 15 1 2 8 8
6 24 33 12 20 20 7
18 26 26 8 24 21 19 27 10 42 3 32 40 50 48 25 6 28 5
19 28 8 15 30 9 22 43 32 4 6 2 23 29 27 50 37 50 22 7
17 29 31 48 33 14 40 34 12 14 41 41 14 21 48 30 50 8
9 1 44 39 6 49 42 30 28 5
5 29 16 20 2 5
18 50 32 19 35 48 8 20 9 24 13 1 39 33 48 19 32 5 5
5 28 45 27 26 6
4 6 5 7 6
18 20 28 38 41 30 22 10 16 19 19 35 29 42 47 29 31 29 7
8 1 13 32 19 42 26 47 8
8 12 3 22 18 41 43 48 5
17 34 27 1 43 42 19 13 26 47 7 25 25 37 5 2 37 6
5 35 7 10 11 5
14 29 24 8 2 44 48 44 41 27 27 17 28 21 8
4 48 34 35 7
6 40 9 21 28 16 6
7 16 34 9 24 46 21 6
9 26 45 38 27 38 37 22 30 5
13 49 46 43 21 5 40 6 39 36 47 50 9 5
10 17 35 41 2 43 17 47 16 45 5
18 10 33 50 49 19 22 30 34 22 25 28 42 31 18 50 21 5 7
14 20 15 22 38 49 14 40 44 30 38 9 27 12 6
13 11 11 20 29 34 49 15 5 25 42 49 5 5
10 48 25 18 45 47 32 16 34 33 6
12 23 26 11 13 36 39 24 5 49 34 26 6
6 18 26 44 24 50 6
12 24 6 48 21 30 15 16 28 46 33 14 7
18 14 38 5 27 50 40 15 23 46 14 9 23 43 28 48 36 1 8
13 22 25 2 21 47 34 35 14 13 33 47 26 5
18 12 14 19 38 13 10 3 38 6 18 46 28 10 23 28 47 23 8
6 20 49 28 41 48 6
19 27 11 27 9 7 3 23 19 18 41 8 32 50 10 19 7 27 16 6
8 38 38 14 34 13 39 6 6
8 18 46 10 30 24 21 9 6
6 27 13 7 47 30 8
7 5 13 48 16 34 5 7
15 49 41 32 37 6 18 1 44 25 13 12 20 23 43 8
10 43 1 29 21 13 35 20 44 33 5
5 7 31 41 42 7
10 37 40 27 19 28 32 38 28 27 8
4 41 38 33 8
19 33 27 9 33 6 29 48 42 50 41 25 25 49 5 18 40 41 4 7
20 19 24 9 2 11 39 28 24 29 18 8 45 50 35 3 34 42 33 31 8
8 33 24 9 9 24 15 28 6
19 5 32 47 25 7 7 26 20 45 6 43 25 23 1 19 24 37 23 5
4 28 6 40 6
8 40 15 21 48 38 35 28 7
8 42 9 1 16 15 8 44 5
12 2 49 29 27 21 29 47 44 17 20 2 5
14 27 41 7 16 5 29 15 45 16 42 49 7 2 7
14 24 17 9 19 2 12 17 32 40 39 12 37 34 6
20 8 36 21 34 28 30 49 35 8 15 29 25 7 29 33 8 30 9 26 8
19 27 30 50 44 11 39 34 23 27 18 50 34 5 23 17 32 4 17 7
10 13 32 46 38 40 25 20 49 4 5
7 25 44 7 6 43 2 5
16 33 35 40 10 2 42 45 8 16 14 40 19 30 7 33 6
17 5 20 2 31 42 1 36 21 27 29 27 32 23 28 49 8 7
4 41 17 16 6
11 13 24 1 26 15 21 8 23 3 20 6
11 25 24 7 16 26 45 38 4 23 17 7
11 48 44 35 5 10 27 23 28 12 35 5
5 12 13 17 32 6
6 39 35 41 18 9 6
12 26 26 41 20 15 44 45 31 28 44 27 5
19 48 36 43 22 13 5 8 15 18 20 31 50 39 22 36 30 41 46 5
15 16 21 36 38 35 29 32 18 9 27 44 25 24 29 5
16 47 42 23 4 8 41 24 41 42 12 12 27 43 4 24 6
12 19 44 23 6 30 1 39 47 9 15 40 7
13 40 21 2 36 14 26 42 21 18 15 11 9 5
18 24 37 21 27 10 8 48 5 30 5 37 32 46 33 43 12 25 5
11 4 47 28 41 10 6 32 32 23 46 7
19 34 24 20 22 44 49 34 1 46 40 32 2 26 13 49 11 7 11 7
11 34 14 33 13 4 44 18 38 27 43 8
17 23 26 6 43 49 1 41 34 3 38 24 34 41 49 49 40 7
16 5 2 47 38 15 31 3 20 26 20 7 3 12 42 27 6
20 49 19 38 50 11 21 4 50 46 38 41 45 38 32 7 44 33 4 34 8
8 36 36 20 12 5 27 16 8
17 20 42 9 18 13 46 19 25 19 23 25 16 10 17 12 49 5
5 19 44 32 24 5
20 32 9 12 1 22 19 29 39 39 48 31 47 16 45 45 34 19 15 6 8
19 30 17 11 42 17 10 12 11 43 35 37 24 45 1 25 17 21 3 7
15 11 3 37 7 18 31 3 3 2 17 11 44 47 29 5
19 40 46 18 1 8 11 35 46 34 29 46 10 47 18 15 4 28 17 7
7 37 36 23 39 40 24 5
19 50 19 4 29 25 45 26 43 45 33 5 31 28 38 11 26 50 10 6
14 16 13 25 34 2 11 19 26 1 10 49 6 10 6
18 11 40 44 5 17 38 1 1 42 33 28 32 46 5 31 5 50 7
12 17 24 31 20 36 1 46 36 10 46 44 5
13 15 4 12 9 11 28 46 13 28 40 48 8 6
9 43 12 3 49 13 50 17 36 5
9 36 21 32 33 9 41 31 2 7
14 45 5 25 3 17 5 1 32 32 40 29 41 12 5
20 3 14 21 15 13 37 3 44 24 25 27 7 33 19 37 34 32 33 41 6
15 38 7 13 38 40 46 29 18 37 40 40 39 3 10 6
6 17 46 7 12 22 8
9 38 28 16 8 16 50 40 48 8
19 48 35 48 12 24 38 7 4 7 43 45 47 33 49 8 38 15 6 5
13 28 27 29 17 6 45 25 21 46 16 20 37 7
9 7 36 26 32 23 34 38 32 8
8 32 30 9 31 37 48 45 8
16 46 25 20 24 43 25 20 17 47 17 34 19 3 48 27 5
8 25 10 13 9 47 44 35 5
11 23 45 9 12 45 5 5 40 29 25 6
7 22 1 35 40 50 1 7
8 20 6 21 46 44 46 5 8
19 4 2 2 40 30 26 36 38 37 30 44 42 19 23 18 36 46 18 5
12 37 19 24 10 38 29 33 33 24 30 40 7
4 35 41 35 5
8 22 10 11 11 47 41 4 6
7 11 28 5 46 25 24 5
4 12 43 41 8
14 30 21 5 15 45 34 4 26 18 46 12 43 19 6
9 4 29 17 46 34 6 6 14 8
4 4 38 36 6
13 49 30 12 22 11 33 28 25 27 12 30 4 5
17 27 15 26 47 37 31 27 4 26 11 11 33 26 23 36 13 7
5 8 14 41 19 6
12 1 1 14 28 29 27 9 34 10 36 50 5
6 34 37 19 11 40 7
16 21 2 28 46 26 16 10 35 23 25 27 41 11 28 44 5
8 7 24 5 15 8 14 2 5
16 50 36 43 18 46 34 13 18 38 43 15 13 8 24 50 7
12 1 26 24 11 5 17 39 11 43 44 28 7
4 7 29 10 6
9 16 5 28 11 38 43 30 27 6
4 44 40 44 8
17 41 27 20 18 50 32 23 19 21 35 11 14 12 12 22 43 8
19 32 8 27 12 21 17 4 50 43 42 46 34 35 17 24 13 38 42 7
18 19 16 30 41 50 42 6 12 5 30 4 28 11 13 4 22 33 6
14 27 35 13 18 32 48 4 48 22 16 37 15 30 7
13 30 9 48 29 1 3 42 5 32 47 34 45 7
19 38 16 44 7 45 30 21 14 11 19 18 10 42 35 46 6 14 3 5
11 25 50 15 27 4 7 31 38 3 17 7
14 12 4 49 8 12 43 37 35 7 50 3 26 9 5
5 12 7 1 28 8
10 37 2 12 1 28 15 7 10 2 6
13 26 35 23 31 34 30 43 26 19 27 34 18 6
13 11 28 26 23 36 28 2 46 14 3 7 14 6
16 24 21 43 27 32 21 12 6 1 45 38 43 22 6 21 6
8 25 3 18 2 28 42 40 6
5 45 35 20 47 5
16 34 30 19 6 23 45 39 43 8 44 45 4 31 40 26 7
4 10 35 12 7
12 4 16 44 48 5 1 42 41 20 41 36 6
13 20 4 10 44 49 50 38 6 44 33 10 26 6
15 37 14 31 23 27 47 26 44 41 23 50 41 15 41 8
9 5 26 17 26 30 26 20 30 8
12 7 35 21 41 46 46 12 34 11 45 6 8
19 41 34 33 31 6 33 21 22 25 33 28 50 49 4 31 26 25 10 6
15 33 47 23 24 44 21 35 30 33 29 37 22 20 20 6
6 50 26 37 23 49 7
20 5 27 14 3 32 45 28 6 6 33 38 4 7 13 50 27 50 29 12 7
18 15 33 49 35 39 49 12 27 23 10 39 27 36 3 29 17 47 6
8 24 4 40 14 8 47 26 5
14 25 25 37 36 5 3 21 3 37 9 3 50 36 6
16 10 24 3 47 26 33 16 24 41 39 30 32 4 39 30 6
19 47 7 8 33 44 12 35 14 17 24 25 21 23 10 46 34 35 50 7
13 13 33 48 38 25 36 17 6 42 5 38 23 8
4 44 30 35 7
9 42 22 3 10 45 27 30 19 6
7 27 3 22 27 35 36 6
5 32 24 33 17 6
12 40 10 47 27 32 49 20 12 36 9 5 5
18 11 14 3 39 43 21 26 20 23 49 48 7 35 6 38 8 40 5
11 49 29 16 47 8 48 48 29 11 33 6
7 15 39 49 30 41 37 5
7 13 12 45 36 13 42 7
12 47 47 34 6 38 40 4 19 7 3 26 5
5 50 4 18 34 6
19 32 22 41 13 14 30 37 26 43 31 13 5 23 9 1 21 42 6 7
4 33 12 29 6
14 16 4 47 15 9 14 48 1 48 21 42 10 36 5
10 48 11 15 31 26 20 3 34 22 6
17 25 28 37 9 41 15 47 6 20 45 22 29 9 21 29 6 7
17 22 17 26 44 15 38 9 45 15 28 49 48 49 25 24 28 6
10 32 18 28 31 25 48 27 46 28 5
18 16 6 42 8 28 11 33 23 27 23 31 21 37 10 21 37 11 7
5 12 40 10 46 8
5 40 28 34 39 7
11 32 16 41 47 21 34 7 50 44 41 7
9 20 13 5 42 2 17 12 40 5
16 11 1 18 20 48 27 11 25 13 49 31 44 14 23 42 7
10 6 48 36 50 39 10 19 3 17 8
15 6 33 24 45 11 36 48 30 8 47 9 18 24 21 8
18 4 16 30 26 7 16 33 7 4 32 47 15 3 1 31 15 7 6
8 38 3 25 24 50 5 31 8
17 13 48 22 35 16 25 50 48 2 8 13 36 16 18 18 12 8
4 22 13 13 8
18 19 28 23 21 2 48 23 8 30 21 22 30 42 6 45 18 7 7
12 21 17 7 6 32 24 25 44 6 46 8 8
17 31 28 48 4 50 1 3 22 9 33 44 32 12 37 40 6 8
16 46 50 24 14 6 32 46 29 6 41 37 2 48 7 32 8
11 4 37 24 4 42 48 14 24 43 46 6
18 30 37 44 33 34 43 9 48 50 42 43 29 47 33 17 50 30 5
16 34 6 26 22 31 31 13 30 45 38 23 42 24 2 28 5
20 36 11 12 46 8 12 37 2 42 36 34 8 37 15 30 20 22 7 44 5
11 37 6 32 33 46 6 24 19 7 3 7
15 45 14 2 40 23 13 29 25 6 16 10 15 2 27 5
18 24 48 2 17 2 40 24 36 25 19 41 48 40 50 1 27 44 8
11 30 35 38 44 13 14 49 30 24 13 6
9 50 10 7 49 11 23 1 3 6
16 36 27 17 26 26 6 25 26 34 20 43 14 5 31 7 5
7 46 6 49 19 20 32 8
13 30 38 19 42 12 19 46 9 6 22 25 33 7
6 30 8 25 14 27 8
16 27 33 2 33 2 47 40 50 16 12 33 37 43 20 5 8
6 33 25 30 41 32 7
19 16 15 2 45 22 29 10 50 48 36 33 49 21 36 45 12 37 12 6
17 19 49 15 40 5 1 22 32 32 12 15 36 27 29 38 24 8
8 18 33 4 15 19 38 15 6
11 23 9 2 9 23 27 29 23 41 20 6
9 43 41 12 24 4 27 10 31 8
14 49 6 9 16 38 12 32 8 49 46 48 21 6 8
16 31 28 28 11 2 20 30 31 13 20 42 38 23 20 49 6
5 25 47 10 35 7
5 50 46 45 7 8
10 42 7 16 48 8 46 27 35 8 7
12 4 37 13 18 6 6 6 30 26 4 37 5
18 3 46 36 16 45 31 13 4 26 4 10 41 3 19 38 32 5 8
17 12 10 31 24 28 38 29 35 19 6 38 5 7 40 1 42 7
7 47 24 20 2 49 25 5
13 39 30 31 28 11 37 22 24 49 4 49 26 6
15 29 12 12 35 49 16 43 41 18 37 50 17 10 19 8
4 9 45 31 7
7 24 13 27 36 2 50 8
8 50 4 9 27 46 40 38 6
8 24 38 25 16 30 42 2 7
11 8 14 49 28 24 44 10 22 19 24 6
5 5 25 50 17 7
5 5 26 2 2 5
8 39 11 40 29 35 7 8 7
5 11 37 36 24 8
17 13 47 30 22 20 1 45 20 7 20 21 23 45 25 48 49 8
10 14 39 36 5 17 22 12 25 48 6
19 13 33 47 49 45 45 31 16 14 31 12 35 37 33 5 11 30 29 8
20 28 7 24 16 44 29 33 16 42 9 15 13 21 47 11 21 43 5 1 7
14 20 33 21 5 21 4 9 32 35 40 42 12 48 6
17 27 43 45 11 8 36 19 24 50 41 20 12 14 14 18 16 6
17 38 49 48 44 19 3 4 2 37 43 43 48 42 10 26 35 5
16 37 44 44 7 18 45 50 39 9 13 3 26 28 29 15 5
12 26 8 47 28 12 50 14 6 43 11 50 5
19 37 34 11 25 27 4 31 44 1 30 33 9 44 37 34 24 15 49 7
16 41 8 49 20 21 49 34 29 43 46 28 46 34 13 6 5
7 39 12 41 35 12 22 7
14 22 18 5 5 41 21 5 41 13 15 40 33 37 8
16 18 15 30 13 42 27 49 4 34 8 45 47 50 29 10 7
5 47 31 41 3 6
5 31 25 44 21 7
7 8 12 22 45 1 39 5
7 30 3 5 8 3 10 5
5 11 4 40 12 5
4 50 35 32 7
17 25 36 19 7 11 13 28 50 22 41 21 18 42 9 29 23 6
19 35 31 16 44 24 28 50 13 39 35 14 24 17 46 48 4 14 5 5
12 28 34 15 50 24 35 19 17 45 49 40 8
15 33 20 25 29 45 2 28 9 40 14 23 13 32 18 5
20 36 31 19 1 9 4 16 10 29 2 28 46 49 27 35 8 11 6 32 5
7 2 33 18 10 24 32 5
4 39 13 3 5
18 50 34 21 1 44 26 18 5 4 19 34 1 19 12 37 26 23 6
20 7 11 45 41 31 7 15 12 40 5 26 43 7 26 28 27 26 23 2 6
20 29 7 15 12 8 34 24 44 9 46 38 18 8 32 8 38 40 24 1 5
19 28 27 24 34 4 3 12 29 27 15 25 5 22 39 16 31 22 41 8
11 31 36 13 48 46 47 7 35 36 31 6
5 17 10 14 42 5
5 17 46 7 47 7
12 24 23 26 47 11 44 27 33 34 2 15 6
15 15 14 17 13 20 3 48 2 40 17 12 3 8 9 7
16 4 15 19 27 38 41 5 34 2 48 12 36 33 16 2 8
12 30 15 22 44 36 25 41 40 14 9 3 5
20 17 11 41 22 27 12 48 15 2 4 50 5 3 14 42 36 29 43 41 6
8 9 13 3 47 39 45 36 8
17 4 40 22 22 50 15 43 26 26 42 42 29 48 44 34 50 7
15 27 35 37 20 28 48 30 42 50 28 30 46 13 35 7
10 4 9 22 3 23 14 31 48 8 6
19 28 7 17 11 6 25 38 43 13 9 20 10 40 11 9 18 40 7 8
19 26 5 36 34 27 40 6 42 20 5 1 44 33 7 10 45 15 37 7
8 7 49 44 26 9 36 36 5
9 3 27 25 36 2 32 21 36 6
16 13 43 1 32 50 4 27 34 12 39 28 26 25 14 32 8
19 7 7 33 42 44 4 46 20 28 32 24 9 4 11 20 16 3 21 5
10 4 26 26 37 37 14 17 15 40 8
17 46 15 38 5 47 32 48 50 27 20 30 10 43 40 14 3 8
16 31 7 32 30 11 7 8 47 45 21 15 9 11 44 5 5
10 32 11 23 15 8 25 41 27 4 6
9 21 45 16 23 4 48 32 37 6
13 42 43 35 40 40 7 5 48 19 50 4 43 8
15 14 18 47 24 42 40 2 47 42 23 41 7 47 47 7
6 28 33 35 19 26 7
13 11 15 28 17 14 46 16 18 41 49 33 8 8
12 6 49 36 10 47 27 32 37 35 28 33 8
6 8 18 25 28 45 8
18 38 11 25 4 24 20 22 43 10 20 26 19 18 33 19 4 42 6
19 30 25 4 17 3 38 7 12 5 33 39 49 30 27 9 4 32 35 5
4 3 27 37 5
15 4 6 42 39 26 45 32 41 26 7 46 42 11 33 8
11 22 40 35 10 38 14 38 49 20 20 6
17 47 24 11 33 48 17 40 41 5 16 35 36 8 12 44 3 8
6 4 37 7 25 26 5
7 37 16 7 24 14 28 6
11 48 24 19 8 8 18 24 48 8 30 5
7 44 18 20 5 11 24 6
11 15 10 19 41 36 11 29 1 19 3 8
6 46 49 15 21 17 8
7 29 34 48 26 41 29 5
6 36 46 11 41 7 7
19 4 23 45 22 13 32 35 42 34 3 46 49 1 46 13 23 15 37 5
4 50 36 28 6
10 16 17 28 12 29 18 20 14 22 8
19 9 45 6 40 31 49 24 36 44 24 36 42 39 10 6 27 11 5 8
13 40 47 29 9 25 40 37 44 9 1 17 50 8
19 14 8 50 44 6 25 29 2 49 16 43 39 26 48 15 38 4 28 8
17 1 6 37 27 48 24 20 6 26 39 8 36 2 15 37 45 7
7 12 26 23 12 41 15 7
7 18 14 14 5 18 41 6
11 20 48 22 46 45 47 17 3 22 5 5
9 9 8 28 46 3 49 7 30 8
5 18 20 36 19 7
10 50 32 46 19 24 29 38 23 3 8
14 18 49 3 22 21 10 33 29 17 10 26 21 8 5
6 50 29 1 22 17 5
9 11 18 2 6 36 27 37 25 6
9 39 9 19 37 13 40 9 22 8
15 40 41 33 15 11 42 49 13 23 1 34 39 22 46 7
9 23 1 43 2 39 17 1 29 5
4 19 18 39 8
18 28 13 31 17 3 13 34 15 6 34 27 28 34 12 16 7 7 7
9 32 10 15 33 50 31 35 29 5
6 3 46 48 12 23 8
18 42 42 14 6 27 28 13 10 5 41 45 18 6 2 25 31 35 6
13 45 17 35 28 1 13 36 5 10 35 16 35 8
16 9 28 9 16 4 39 28 15 43 18 11 12 26 12 36 6
8 46 21 2 14 8 31 16 6
8 17 20 32 3 37 18 49 8
9 45 9 12 50 47 42 16 41 6
5 26 3 36 38 5
10 43 35 11 45 1 20 25 16 41 7
16 38 24 46 24 41 46 21 37 4 32 38 1 23 3 41 5
16 29 43 19 18 33 14 4 45 8 4 14 34 22 6 29 6
14 30 26 34 22 21 4 9 24 36 46 26 10 1 7
13 43 29 11 14 46 45 27 1 39 36 7 4 6
9 28 10 1 38 39 26 21 10 7
6 25 20 22 12 18 7
19 23 18 17 16 48 28 31 45 22 9 45 13 44 1 16 16 30 27 7
14 17 17 44 40 27 42 16 48 15 29 15 13 1 8
6 30 18 29 9 48 6
20 32 8 20 44 3 20 12 19 50 40 37 18 7 30 9 33 21 24 30 7
11 2 47 48 5 30 29 22 9 37 22 5
11 18 29 4 14 32 24 27 50 25 16 5
16 44 22 17 3 4 40 28 36 24 32 34 23 36 13 1 7
15 23 39 30 6 7 9 9 20 40 34 46 41 10 11 7
7 4 35 46 8 40 35 8
7 25 11 18 10 33 5 6
4 36 14 45 5
18 43 2 30 1 13 1 42 46 48 32 8 11 11 13 45 7 22 5
4 43 8 11 6
13 28 20 36 32 42 21 45 39 44 38 40 26 5
6 2 28 30 50 26 8
19 7 36 26 21 32 32 42 17 24 49 27 27 26 49 14 8 40 34 5
5 28 29 41 20 6
19 29 21 34 10 20 9 24 28 46 49 48 29 32 41 45 8 40 24 7
11 17 22 49 26 13 34 30 43 14 20 8
16 20 50 34 3 11 6 13 37 33 10 35 33 38 19 23 7
7 26 14 7 11 33 30 7
7 8 43 42 39 37 5 6
9 48 26 10 31 28 23 38 42 6
16 23 1 43 7 38 13 31 24 38 45 30 48 29 10 6 6
6 4 49 27 40 6 6
8 37 31 46 19 11 18 9 5
10 28 31 3 23 37 42 35 17 15 5
10 13 47 20 41 8 28 29 11 28 7
13 50 33 43 38 16 38 8 26 8 16 29 35 8
18 33 9 34 25 44 1 41 16 13 39 37 6 46 16 34 6 44 8
6 7 28 32 44 45 8
17 4 22 30 19 1 17 17 33 25 50 9 18 2 2 35 17 7
6 22 22 38 39 7 8
5 34 46 2 14 8
15 47 8 49 2 32 29 21 32 45 39 16 19 38 27 8
20 42 30 23 8 21 46 31 8 35 37 5 18 34 8 31 12 6 41 12 8
6 22 42 28 5 38 5
12 22 9 7 48 47 48 29 19 7 50 17 5
5 9 1 25 13 8
10 8 20 3 21 28 43 35 35 16 7
12 12 20 14 31 41 24 37 41 20 35 19 6
9 41 20 6 28 29 8 4 43 5
11 12 15 32 34 42 26 18 26 41 46 8
5 12 11 19 4 6
20 5 44 5 39 15 44 32 34 2 11 14 9 14 7 38 27 21 21 11 7
18 46 30 37 36 25 25 49 37 45 3 22 49 46 26 40 12 20 8
19 48 23 31 11 31 44 17 21 21 37 41 33 50 37 12 36 24 39 8
12 23 27 8 27 49 7 24 24 46 36 45 8
12 33 17 50 43 50 43 10 20 15 48 12 7
12 48 50 13 35 26 1 49 48 29 6 26 5
12 14 49 1 11 34 45 28 18 14 29 11 6
10 22 22 32 38 21 45 39 20 45 8
17 5 20 3 5 19 31 12 44 8 26 42 10 38 28 6 18 5
17 19 46 7 31 19 28 14 9 1 9 47 20 5 47 26 24 8
10 30 44 29 44 37 38 19 30 47 6
19 7 3 25 4 21 21 10 4 39 40 17 47 42 27 43 11 31 41 7
17 4 41 20 49 22 13 37 9 33 17 8 41 25 12 15 30 8
17 37 40 37 28 31 4 26 22 30 21 34 13 11 22 16 2 6
13 17 25 6 3 33 39 19 42 29 46 3 45 5
10 37 34 16 23 11 46 28 38 19 8
13 8 5 22 21 26 39 24 19 5 48 25 10 8
15 13 28 24 43 25 26 39 50 14 22 15 39 34 13 7
13 22 33 27 31 37 50 1 15 41 24 33 47 7
8 9 6 3 23 36 26 15 6
14 3 6 11 17 29 28 5 13 42 22 36 24 49 7
19 13 50 19 29 42 44 13 39 15 22 46 19 44 33 44 11 43 46 8
12 3 14 44 32 18 8 23 40 45 49 40 8
7 13 39 33 41 33 26 7
19 23 42 26 18 10 20 1 5 30 45 3 47 49 16 40 31 34 50 6
10 23 44 3 14 6 15 2 38 5 6
5 16 10 8 7 7
10 26 17 6 28 23 37 24 25 33 5
4 41 25 4 6
16 24 9 50 17 13 13 25 28 16 12 34 2 29 43 9 8
9 30 36 4 35 13 26 22 36 6
20 6 10 45 30 15 20 3 25 19 20 38 31 44 17 48 7 50 49 36 7
15 8 23 26 43 26 10 8 3 33 45 5 39 4 49 6
9 21 18 21 45 38 42 34 20 5
18 50 18 43 2 16 30 46 23 2 21 18 27 32 25 30 15 19 7
20 3 25 35 22 45 2 44 41 42 35 25 11 21 26 28 16 27 44 47 5
8 18 49 46 35 27 28 11 6
7 44 30 44 46 6 28 6
9 2 31 13 42 22 47 18 33 8
11 44 12 37 22 7 33 46 25 33 41 8
14 10 20 22 19 13 3 12 10 8 41 29 9 22 6
4 2 45 41 8
15 29 10 17 41 48 38 47 33 35 23 15 28 34 26 8
7 7 45 12 9 8 21 6
18 49 1 26 22 43 29 18 34 50 47 45 16 39 45 6 37 27 6
4 10 41 17 8
18 19 16 3 15 27 11 22 47 28 22 50 5 43 42 33 13 27 5
7 11 22 50 49 16 5 7
12 44 45 48 36 13 44 4 28 46 18 4 6
10 40 3 35 11 2 39 6 45 24 7
20 22 6 30 45 7 30 12 12 18 5 6 16 40 20 9 44 48 7 13 6
13 12 4 3 49 17 4 39 24 49 12 43 22 6
4 22 16 26 8
10 27 37 20 33 44 35 22 13 46 7
12 10 2 30 13 15 33 15 15 49 21 4 5
19 21 15 16 42 36 39 9 11 41 37 49 11 19 42 47 42 6 44 5
17 18 47 40 30 12 24 46 26 25 18 29 48 38 46 14 31 8
16 2 41 43 43 27 41 5 45 34 3 37 39 47 47 6 8
11 36 37 6 11 35 32 35 2 12 33 5
17 9 48 22 41 49 15 33 43 41 23 49 36 6 2 24 45 6
8 20 2 44 7 41 50 17 7
5 33 2 26 46 5
4 17 5 33 5
5 45 33 5 28 5
17 45 50 26 32 8 27 7 2 28 28 5 22 34 45 21 3 5
15 3 6 47 48 41 13 4 25 5 49 9 11 28 34 5
15 29 12 39 36 40 48 39 18 25 44 39 11 40 11 5
13 11 15 20 7 14 12 21 18 36 28 18 44 8
13 47 30 45 25 41 36 11 32 33 1 49 7 7
7 39 17 36 49 31 46 6
16 50 4 29 11 26 48 48 3 17 42 41 13 23 35 37 5
4 20 49 46 5
7 50 45 11 45 35 29 5
9 36 10 29 50 11 32 30 22 8
12 27 19 10 45 12 2 7 34 37 46 48 5
12 44 46 12 45 40 24 40 26 2 23 11 7
14 2 11 24 33 42 45 42 21 15 4 15 27 5 6
19 10 43 17 10 3 12 5 14 7 46 39 48 21 40 20 34 3 23 5
4 26 6 37 7
4 49 7 36 8
4 22 12 9 5
6 24 3 13 33 5 6
13 39 20 32 36 10 31 6 50 3 39 4 25 5
8 31 32 23 2 31 29 37 7
13 2 1 46 48 24 49 12 8 5 38 48 27 8
6 33 36 2 38 37 6
4 29 40 30 5
4 20 12 36 8
16 44 17 10 31 20 10 27 18 35 25 29 44 31 18 41 8
5 39 23 45 42 7
18 33 47 40 23 28 6 44 41 43 17 36 11 26 17 31 37 43 5
8 23 19 30 16 1 48 6 5
15 38 28 4 29 39 38 27 31 10 6 38 6 47 30 5
4 32 43 49 8
16 23 35 42 22 7 12 3 24 13 50 29 22 39 6 27 6
7 46 14 45 28 26 1 8
17 31 49 47 2 30 39 50 32 13 36 25 36 44 37 38 17 6
5 40 45 22 28 5
15 48 47 49 13 41 27 38 43 43 18 41 39 21 23 5
4 20 4 41 7
19 28 26 50 16 16 16 16 5 12 37 34 13 36 30 12 49 23 40 5
7 15 32 6 8 21 28 6
10 1 48 35 42 6 14 19 6 30 7
19 23 45 40 37 34 24 49 19 3 12 19 25 1 7 42 35 12 49 8
20 39 30 5 38 14 48 46 27 17 1 8 2 25 5 44 11 38 17 12 5
8 21 25 27 48 28 33 39 7
14 46 39 18 34 18 24 24 31 22 19 9 40 21 7
14 43 47 23 36 10 12 4 21 21 25 47 47 22 6
7 29 12 37 24 50 4 8
9 19 28 35 1 1 3 11 42 8
16 29 36 21 3 22 30 16 25 2 37 1 49 33 24 24 8
4 35 11 39 7
14 16 48 4 43 34 4 45 38 17 38 12 45 24 8
17 50 45 16 15 21 20 1 24 20 36 47 43 49 34 5 37 5
16 21 37 27 15 20 32 10 8 48 47 21 43 20 5 42 8
14 23 8 39 42 9 14 11 44 10 5 44 45 10 8
10 18 30 18 44 44 38 25 5 45 5
14 4 15 17 25 22 10 41 44 19 31 37 29 44 6
6 24 5 3 17 2 5
14 49 19 43 16 12 39 5 38 43 1 12 46 16 5
16 21 39 41 13 34 10 45 20 38 40 18 12 44 20 30 7
16 34 28 15 26 46 28 14 50 18 7 1 29 4 18 11 7
7 6 1 38 41 12 34 8
8 50 23 27 13 19 48 42 6
14 31 20 32 7 15 11 22 16 28 30 16 9 36 7
17 19 11 40 19 1 30 31 34 41 32 9 19 44 27 17 37 5
14 49 6 26 7 22 39 29 38 16 10 5 26 45 6
4 44 6 29 5
15 6 11 47 41 3 30 49 22 23 27 40 9 22 38 8
15 49 45 40 37 25 27 5 34 32 30 29 21 26 36 8
7 40 43 11 38 33 14 5
10 34 37 41 12 26 1 35 13 17 8
12 9 7 22 33 35 28 19 18 10 47 38 6
20 32 39 26 24 1 13 8 16 29 41 2 21 5 29 21 39 44 40 24 6
4 46 48 37 5
20 27 5 50 36 1 37 20 34 27 45 9 30 9 16 47 39 9 1 9 5
9 29 30 5 22 19 29 26 16 8
8 12 49 4 16 48 42 16 5
16 11 1 15 8 9 46 16 26 43 5 34 43 15 50 23 7
12 5 47 14 35 22 31 12 33 32 17 50 6
14 8 17 17 21 17 32 30 27 27 45 2 19 1 5
20 13 16 37 36 11 41 34 27 25 5 9 38 39 40 7 38 21 16 4 7
15 36 22 18 15 48 47 12 1 17 14 38 30 29 27 6
10 42 17 50 18 44 6 28 31 46 6
18 37 33 38 3 38 24 40 11 44 7 8 40 18 10 6 31 48 8
20 12 26 3 3 42 4 22 35 9 49 18 4 18 4 38 5 8 27 31 6
9 37 24 4 46 13 23 6 20 7
12 5 7 16 30 9 20 23 13 41 10 23 7
9 27 29 9 32 16 14 42 45 6
9 41 31 19 44 27 33 18 34 5
17 22 40 8 38 19 19 9 43 33 50 2 5 41 30 35 1 5
20 1 14 5 45 9 45 27 29 40 5 11 9 38 13 30 29 22 19 47 6
12 28 42 22 29 45 29 21 25 13 21 40 5
16 37 46 11 47 42 40 26 33 44 36 41 34 48 20 12 7
9 41 11 11 18 2 35 48 46 8
9 18 22 29 40 11 44 26 8 6
18 23 49 45 48 31 41 35 21 24 35 41 35 6 33 47 18 50 6
12 2 49 46 18 16 19 47 7 30 42 33 7
20 47 7 38 44 6 18 34 40 39 9 24 31 45 29 15 42 47 14 41 6
5 14 38 18 31 7
17 16 37 38 7 21 26 5 29 13 48 34 33 33 26 23 43 8
19 5 38 30 19 31 28 32 21 27 47 11 46 27 17 11 13 4 17 8
4 31 24 14 7
6 23 48 28 6 25 6
7 50 23 4 37 4 22 8
16 31 5 40 10 1 50 5 27 18 18 41 23 34 28 3 6
4 42 48 32 6
13 25 39 15 24 38 39 29 25 43 50 43 25 5
11 34 34 6 33 41 34 2 8 27 24 5
10 4 27 2 47 24 33 37 1 21 8
7 26 8 44 5 34 36 7
14 29 12 12 12 46 19 47 36 3 48 45 31 22 6
17 36 48 38 33 23 20 21 23 42 24 49 2 17 5 35 4 8
9 15 15 23 27 12 42 23 47 8
10 22 41 26 43 30 11 42 17 45 7
18 39 16 39 32 39 39 33 7 43 20 12 5 34 26 27 10 38 5
17 34 36 15 8 29 40 50 8 3 44 26 47 10 16 12 48 6
4 2 39 30 5
9 31 49 21 37 35 49 14 44 8
4 33 30 23 6
13 37 3 39 38 12 41 33 40 38 42 5 1 7
19 2 5 30 34 14 12 34 35 49 18 35 12 14 22 46 45 46 43 8
8 49 32 20 12 24 5 1 5
10 46 6 14 37 9 18 18 44 33 7
13 28 19 28 45 3 41 8 24 38 2 20 31 5
18 20 14 6 31 37 10 32 50 7 39 15 46 49 34 13 43 16 6
6 20 35 21 16 37 7
4 26 11 1 6
8 32 33 15 1 48 20 33 6
4 31 16 37 8
15 4 1 32 5 34 45 47 50 38 18 36 11 35 22 6
12 10 34 27 39 15 9 3 15 8 24 48 8
18 4 13 30 42 19 33 24 25 18 20 21 19 9 40 4 21 24 6
5 46 34 9 24 7
6 26 35 28 40 42 5
5 39 35 6 4 8
19 47 24 1 22 48 20 43 20 39 2 9 44 24 34 19 21 19 30 6
14 44 5 29 21 46 20 23 37 7 30 42 25 29 6
4 27 50 14 5
18 45 33 36 46 43 30 21 26 48 42 45 29 36 38 35 16 11 8
14 35 35 17 43 15 8 19 43 24 45 44 37 41 6
20 21 26 35 13 5 6 38 5 49 34 35 34 24 20 1 36 50 37 20 7
13 30 34 27 48 28 50 45 24 38 37 11 8 8
5 46 22 19 3 6
7 25 1 45 9 36 20 8
14 36 7 29 22 26 48 3 12 24 3 41 25 49 7
18 14 35 25 21 48 22 42 16 26 3 42 28 49 3 13 20 32 5
15 26 11 23 3 10 28 16 34 32 7 10 30 22 24 8
14 48 46 11 21 40 29 46 44 20 23 44 24 37 7
10 6 38 42 18 11 44 27 40 12 6
17 21 20 22 50 41 47 13 39 44 25 11 35 3 7 28 25 5
9 23 50 20 37 5 7 28 22 8
13 24 49 8 35 12 30 4 33 29 46 31 43 8
19 25 20 47 9 22 5 39 48 35 11 50 6 48 4 15 27 28 33 8
15 28 43 36 39 24 41 22 3 37 4 47 22 28 16 6
6 39 40 22 29 39 7
20 39 38 14 38 42 28 15 19 13 16 46 7 2 36 30 42 9 34 30 6
20 31 2 42 48 21 32 37 43 10 26 3 49 13 18 38 6 48 2 26 5
5 20 23 18 23 8
18 49 16 17 33 46 29 15 47 23 12 17 4 49 11 14 24 13 5
7 38 33 49 46 30 3 5
17 41 24 44 8 46 2 6 11 20 38 8 1 4 4 23 16 8
7 26 14 35 39 39 50 5
10 28 32 3 23 11 5 44 1 30 7
12 8 27 42 15 37 11 5 45 11 8 50 5
17 23 24 11 38 9 49 28 8 1 6 39 3 30 1 9 23 6
14 38 13 10 14 6 26 2 17 30 48 29 40 50 5
9 14 23 24 2 31 24 29 40 5
7 36 28 28 16 30 36 6
4 30 25 3 6
14 40 10 19 44 26 48 41 7 39 40 22 3 15 6
15 4 45 20 34 35 46 20 14 23 37 44 11 26 25 8
9 30 18 29 40 36 22 17 35 5
15 25 24 6 46 26 20 44 31 16 14 16 2 11 37 6
16 33 23 11 45 1 35 34 30 4 12 19 39 35 38 24 5
4 12 49 7 8
6 24 26 3 6 44 5
12 23 45 26 10 10 11 34 22 7 34 7 7
17 14 12 3 34 1 39 21 26 41 35 24 47 44 49 25 46 7
10 18 14 28 12 39 37 24 1 21 6
8 10 6 3 1 19 15 4 6
20 17 44 25 42 34 9 17 31 4 15 7 50 22 24 13 49 37 3 38 7
11 4 10 7 13 15 11 15 34 27 18 6
8 43 14 14 36 49 25 4 7
19 28 20 37 29 41 12 41 40 49 44 27 10 49 36 18 13 50 29 7
19 35 7 47 24 50 12 40 37 10 14 41 41 43 10 27 22 1 39 8
17 42 39 7 20 48 7 5 18 21 6 48 48 43 4 46 18 8
11 7 7 42 16 22 34 6 17 43 35 7
19 45 25 1 36 13 10 5 10 18 11 29 39 19 26 38 11 30 33 5
13 34 39 37 27 6 8 10 14 24 5 48 13 7
20 22 16 35 36 27 39 47 44 2 26 32 20 1 21 32 32 3 9 18 6
7 47 46 49 5 6 14 5
14 10 13 43 8 34 10 44 21 36 35 17 31 36 6
9 13 5 45 35 36 26 38 46 8
15 32 43 41 32 49 48 45 30 7 7 24 16 42 33 7
8 12 20 46 29 1 31 22 7
5 37 16 49 24 6
18 36 19 38 20 13 28 1 13 27 46 43 35 4 18 1 48 1 5
13 9 22 9 39 22 41 11 36 29 28 35 2 5
8 22 20 11 41 35 40 44 7
11 17 41 43 1 44 11 3 41 13 16 6
14 34 26 40 6 18 2 41 46 32 27 47 4 49 8
19 14 41 5 6 34 3 22 24 46 24 20 8 27 10 20 44 13 3 8
4 3 10 39 8
13 3 35 39 29 33 43 29 1 6 22 5 11 8
11 10 34 31 5 8 50 12 36 11 33 6
20 24 37 50 28 47 39 35 1 25 24 31 7 16 10 10 23 33 16 36 8
18 25 19 19 31 28 20 44 13 31 26 42 6 13 43 33 11 33 7
18 11 9 42 41 18 7 2 27 32 34 42 17 25 19 37 43 49 5
8 15 45 27 47 20 20 2 8
8 15 36 44 47 4 6 8 8
11 49 25 4 50 1 35 36 44 1 10 5
5 40 4 13 4 7
17 7 32 16 28 4 17 12 18 4 7 16 10 13 25 5 11 7
8 10 12 49 45 47 45 47 5
9 8 36 12 20 41 31 28 25 7
5 6 28 15 17 6
12 21 25 14 30 37 39 36 49 37 45 11 8
20 41 7 32 40 17 41 25 30 11 18 10 40 42 8 45 21 25 13 19 7
20 38 34 24 26 22 9 25 11 5 35 50 46 43 33 35 9 23 11 38 7
7 30 50 25 21 7 19 8
8 31 34 11 27 23 45 50 7
19 18 10 22 30 17 6 29 12 1 11 48 9 34 8 49 18 40 48 6
18 10 6 13 5 39 48 17 15 20 13 17 17 31 28 41 12 44 8
16 41 5 48 3 4 9 38 12 7 8 1 6 1 12 13 8
20 18 1 10 35 18 31 49 34 48 31 13 38 43 7 35 33 13 35 37 7
11 43 25 30 1 32 32 6 32 45 18 8
20 13 21 8 49 38 39 47 23 38 28 35 27 20 41 13 4 6 47 42 5
18 39 16 1 39 49 32 46 33 28 16 29 40 38 38 40 27 28 5
7 49 15 16 35 43 37 5
20 6 42 33 2 33 4 43 1 6 33 49 39 29 33 16 46 13 8 33 7
10 47 9 30 35 9 45 2 45 39 7
12 22 44 31 6 46 16 11 40 16 16 22 6
9 6 2 49 22 47 11 31 31 5
16 29 41 43 14 1 39 15 46 27 7 19 21 37 25 18 6
7 35 7 19 3 28 37 7
8 30 37 31 28 49 13 11 5
19 42 1 6 5 4 44 21 49 22 27 17 44 16 43 11 19 28 19 6
7 32 47 28 41 28 14 6
10 7 12 36 17 25 27 18 32 33 5
15 27 6 21 49 34 39 44 49 32 5 20 11 23 11 5
6 21 38 32 50 3 8
16 7 16 43 23 41 19 42 24 4 12 1 9 34 1 42 6
13 44 43 6 50 12 16 23 22 9 45 11 42 5
18 13 49 1 28 41 23 20 11 15 44 14 28 44 22 14 46 14 5
5 39 8 41 39 5
12 8 13 42 16 9 2 9 3 14 7 5 8
14 47 28 11 10 44 6 23 23 1 47 36 46 12 6
12 36 19 15 26 37 22 40 30 39 49 31 8
11 1 46 4 6 38 3 35 48 12 30 5
4 36 2 5 5
18 38 50 43 12 38 13 27 13 1 48 3 30 37 1 12 34 3 5
12 39 10 45 43 44 44 6 23 49 42 27 8
16 25 16 5 20 27 42 32 3 6 33 3 8 14 39 10 5
6 24 13 34 14 22 5
9 7 18 26 12 42 26 5 18 6
19 30 35 36 1 12 29 32 14 35 16 18 44 32 6 4 9 31 18 6
20 47 41 26 3 10 3 16 2 28 21 21 9 2 6 47 2 19 25 33 7
10 11 1 2 5 32 7 10 42 40 6
20 35 36 19 10 40 29 12 5 32 41 25 4 2 26 11 48 27 29 22 7
13 13 33 14 14 39 47 22 48 38 11 26 24 7
8 44 34 37 24 47 42 7 5
19 18 13 41 46 23 38 24 2 11 35 14 43 50 27 31 46 48 30 8
7 11 5 7 8 1 42 6
6 26 40 38 33 29 6
20 45 21 2 17 10 26 20 21 12 33 15 12 11 46 9 11 25 42 23 7
11 50 30 32 43 28 7 32 17 41 13 7
10 37 35 25 6 45 2 25 15 16 6
6 29 27 20 26 35 7
20 3 28 4 34 29 36 17 21 13 25 5 30 16 19 3 2 5 29 7 6
14 31 34 15 46 43 46 24 14 23 10 46 25 40 7
16 10 20 36 28 43 49 3 47 28 18 17 32 21 21 10 5
4 22 42 13 7
18 39 7 33 14 20 8 24 17 32 15 16 44 34 1 21 26 1 8
18 24 28 42 40 11 13 13 21 42 36 14 6 23 3 12 8 16 8
6 15 41 50 48 5 5
19 41 39 19 14 16 20 36 40 49 30 31 10 42 43 32 35 30 45 8
14 3 49 5 12 15 37 26 7 36 23 14 4 16 5
5 23 29 19 42 7
8 8 42 45 39 1 38 33 6
8 24 13 29 15 17 27 19 8
12 43 8 5 50 43 27 15 47 44 18 21 7
20 36 12 40 44 3 36 34 6 24 18 39 49 30 17 14 48 46 34 27 7
6 41 31 39 36 10 7
9 34 3 20 4 27 6 15 16 7
8 19 3 36 26 26 3 15 8
15 35 31 40 32 26 25 9 16 16 41 4 3 50 9 7
8 5 28 39 31 35 5 48 5
15 25 50 22 1 28 27 15 4 11 47 45 44 23 19 7
9 40 36 45 45 40 44 3 25 6
17 33 13 30 19 19 29 8 44 29 31 44 8 7 8 13 17 8
8 9 13 28 27 16 17 15 7
14 12 4 4 16 31 3 48 43 35 17 12 13 24 6
11 43 4 48 50 13 7 14 31 12 22 8
19 40 1 9 8 15 18 21 20 23 37 50 26 36 45 10 4 8 24 5
12 12 17 35 11 18 47 19 32 27 30 3 5
16 21 5 30 29 19 49 1 41 22 39 42 49 25 36 10 6
13 43 33 9 6 49 45 18 17 41 38 50 19 8
6 2 42 38 7 21 6
17 27 22 21 19 43 9 11 41 35 48 2 15 43 34 25 48 5
10 19 18 1 11 5 50 29 24 3 8
9 14 11 43 33 40 14 3 8 6
5 14 20 50 48 8
8 1 14 10 37 38 9 21 6
11 28 23 18 35 24 49 8 26 21 23 5
17 15 6 28 31 10 37 38 25 7 38 25 24 40 38 35 26 5
6 45 46 35 23 20 7
20 7 43 3 16 19 25 41 7 39 46 36 19 7 22 9 32 28 48 6 7
4 37 45 39 7
19 24 34 12 9 8 32 15 16 24 17 33 44 43 23 2 31 20 37 8
13 27 11 10 10 38 7 17 43 43 11 33 9 5
15 18 21 45 25 2 11 42 27 29 25 21 21 49 22 6
8 19 11 2 47 21 13 6 5
13 19 22 4 14 34 37 22 20 4 44 16 31 5
13 26 22 24 4 48 44 26 47 17 27 15 27 5
15 11 47 43 18 7 13 41 12 26 26 48 50 48 2 8
18 13 34 40 41 5 13 46 3 8 22 1 24 48 15 1 29 27 6
16 23 46 7 36 38 19 13 13 16 14 10 19 9 25 2 6
15 15 9 12 10 13 21 31 13 44 30 29 46 11 7 5
6 33 4 1 20 41 5
20 35 3 37 50 15 5 8 39 9 7 5 17 20 14 29 40 47 43 36 5
18 21 31 38 29 25 21 32 28 42 22 46 26 26 34 26 42 39 8
6 32 47 42 36 15 8
12 2 45 5 48 37 40 25 9 20 13 39 5
12 35 20 26 26 43 23 4 20 7 31 12 5
14 15 43 45 6 31 9 21 32 3 25 31 41 14 8
19 1 35 21 39 33 7 8 8 33 50 31 38 19 37 18 32 33 32 5
12 27 40 7 37 10 38 39 34 20 31 47 6
19 31 31 49 19 16 5 28 23 37 29 3 26 49 41 43 31 23 25 7
6 1 14 13 37 23 8
10 27 6 21 9 4 48 39 36 46 8
16 1 1 36 24 39 16 28 15 15 19 7 45 43 33 3 7
20 46 15 32 20 16 11 27 38 19 30 35 10 16 31 20 18 33 6 41 8
