666
23
30 32 62 25 24 30 57 21 24 52 15 53 62 22 61 30 8 53 60 5 11 1 31
12
11 56 2 44 44 45 22 10 12 19 34 35
31
27 55 7 14 6 59 11 27 56 41 34 44 36 38 54 36 5 63 46 60 64 26 40 44 47 49 55 1 18 26 48
21
16 55 58 21 49 4 47 40 44 16 20 15 54 9 50 58 7 32 53 7 57
3
50 39 12
4
39 30 2 22
24
17 12 2 38 61 6 20 36 49 36 55 64 25 64 49 18 6 16 6 12 8 34 62 46
6
38 20 10 39 42 19
20
53 20 28 49 25 48 21 10 19 11 9 43 10 57 60 16 9 1 27 16
31
24 62 15 61 17 24 35 58 42 26 47 62 53 31 22 36 51 31 54 62 39 32 7 32 27 22 40 28 49 55 61
13
52 11 5 5 35 39 62 12 64 44 9 53 11
8
24 61 61 14 58 36 45 1
28
8 22 42 35 6 32 31 14 20 42 18 24 12 56 21 23 56 1 32 44 11 62 3 7 58 16 1 29
6
1 31 4 22 8 38
31
40 4 41 59 45 58 18 56 49 38 15 40 38 46 19 48 43 22 55 36 37 55 1 33 55 31 36 12 39 9 39
5
13 15 8 57 8
18
49 57 62 63 32 36 44 51 19 22 8 9 57 44 63 57 13 53
27
48 1 62 57 39 11 5 54 18 61 61 42 45 53 39 43 21 10 22 7 29 43 14 37 36 57 36
7
5 24 51 53 24 48 45
30
58 49 52 11 45 48 52 26 37 27 4 57 36 26 63 64 4 12 37 39 4 8 3 9 31 53 61 55 37 41
24
30 25 40 41 5 23 28 30 59 54 34 51 26 59 49 25 62 60 61 37 64 4 39 8
8
27 4 25 63 44 13 29 4
17
5 8 10 32 38 5 22 7 55 47 1 40 7 62 35 4 34
3
7 8 41
8
35 44 1 33 23 13 61 26
21
1 34 10 33 7 14 54 13 4 36 13 43 42 10 14 45 44 47 52 51 24
11
21 3 29 54 26 41 50 51 41 51 20
25
19 26 63 8 38 2 43 50 45 20 60 58 1 39 40 52 25 63 15 46 2 43 35 27 20
31
13 60 6 33 45 24 58 43 31 32 44 9 17 24 29 12 17 29 50 57 16 11 55 30 56 56 9 26 18 28 45
20
23 51 63 3 10 56 45 41 23 24 49 40 48 13 51 64 41 37 56 56
4
47 22 38 38
9
63 56 57 43 22 15 29 20 17
18
11 61 15 34 20 63 9 3 12 59 3 52 31 58 44 13 40 1
17
14 30 48 5 22 27 26 36 55 45 52 29 55 48 43 24 3
21
32 6 53 27 8 40 57 1 19 6 41 19 55 54 48 39 58 5 1 19 40
20
63 27 20 53 10 62 13 13 39 44 18 27 6 25 3 63 25 21 4 1
7
58 54 23 32 47 28 32
30
3 23 63 30 42 52 39 39 64 51 14 43 4 40 49 28 42 47 53 63 50 53 38 43 43 60 11 25 23 42
3
26 64 24
14
41 11 29 16 10 16 29 53 19 4 37 47 46 19
12
44 4 23 17 46 1 12 56 26 35 34 51
31
33 10 50 10 21 14 25 30 29 53 18 48 56 54 30 37 8 64 16 11 22 32 57 23 44 48 48 14 17 34 9
25
43 58 59 63 7 19 29 36 7 46 19 62 36 48 35 43 47 50 54 4 18 46 26 61 29
14
10 46 42 18 31 21 11 25 19 17 43 47 52 49
14
6 46 64 53 16 42 35 2 31 39 19 12 64 15
6
9 24 22 50 41 52
15
51 12 25 3 54 7 55 38 35 60 19 34 49 35 12
18
36 42 57 54 54 57 4 30 1 27 51 50 3 38 56 53 49 16
10
38 22 45 11 57 41 29 26 25 63
30
43 34 15 36 23 4 28 26 33 28 52 19 13 54 56 4 42 40 19 33 13 41 13 23 33 53 51 58 13 50
2
56 19
2
27 42
15
54 3 16 17 55 34 29 44 25 33 22 64 51 54 12
2
2 34
8
55 20 53 3 5 19 58 24
24
20 1 46 9 3 61 25 57 30 54 37 54 22 58 53 8 47 64 35 48 33 29 38 52
4
41 57 35 34
17
33 54 16 14 62 18 10 23 11 39 12 47 28 33 40 16 40
13
15 10 5 47 39 43 35 55 19 27 26 52 42
17
41 57 8 39 10 17 61 20 56 8 2 19 40 41 35 15 62
24
25 3 32 63 45 2 53 63 28 14 50 5 8 27 61 15 1 6 31 61 26 22 4 27
2
43 4
10
57 1 59 17 3 26 15 47 27 4
22
54 17 31 58 24 57 54 38 57 60 5 53 21 26 56 47 2 34 50 12 26 51
28
43 53 32 57 36 59 60 16 48 13 46 42 36 38 31 10 30 26 14 18 46 39 9 29 41 42 14 52
29
64 58 46 53 26 38 24 20 34 39 3 46 21 44 17 58 11 26 24 36 39 41 18 14 50 46 54 27 59
24
30 59 35 11 47 60 49 6 15 18 44 17 63 64 61 15 58 7 41 17 42 15 57 59
3
42 40 17
30
35 58 34 29 28 45 11 23 29 16 37 46 59 53 44 59 49 58 52 55 34 4 33 49 60 27 12 38 3 29
17
37 22 11 1 49 55 11 7 19 26 43 64 20 31 43 14 16
8
1 6 6 4 38 54 64 1
23
37 3 30 14 39 51 24 39 35 15 49 41 33 10 19 33 29 49 11 43 64 47 43
15
53 47 43 42 46 43 43 18 45 8 31 19 58 54 57
19
4 41 4 37 50 22 5 15 7 15 57 6 62 35 11 50 17 54 27
23
32 6 15 13 13 45 31 7 35 24 34 38 64 38 10 50 59 14 64 1 29 56 7
9
26 17 11 43 6 37 40 38 42
30
50 55 35 16 61 5 39 30 43 39 3 52 24 62 2 23 62 30 14 4 55 39 21 1 17 26 37 57 63 15
20
48 5 17 64 1 22 38 30 64 12 33 51 35 30 52 57 27 17 6 31
30
45 51 7 61 12 44 53 11 58 35 58 62 52 57 62 9 31 27 8 42 59 58 13 24 46 5 51 62 11 17
28
55 3 11 51 14 54 40 24 47 10 18 44 61 10 41 5 40 4 12 18 62 6 30 22 51 34 8 48
21
24 52 34 26 63 21 39 52 60 63 35 5 16 14 2 25 55 6 1 58 18
21
55 23 47 12 9 16 19 56 60 42 44 29 3 42 49 42 29 44 40 63 49
30
13 50 15 3 55 15 60 8 32 50 30 14 62 38 30 16 30 25 58 9 53 60 50 38 37 14 17 12 13 1
21
25 50 17 27 41 31 22 48 63 7 14 12 4 51 41 20 16 1 13 24 54
21
9 27 45 23 43 56 35 44 58 59 29 10 21 5 40 42 53 38 48 2 50
27
52 26 7 4 27 19 27 16 26 36 42 6 58 20 62 28 63 55 22 28 64 42 32 39 19 20 13
29
21 62 53 9 23 59 12 49 13 38 64 39 9 41 44 2 61 41 29 59 31 50 22 30 27 54 5 45 9
28
47 30 14 35 38 36 30 49 21 42 22 20 16 31 61 60 32 57 36 61 51 3 46 9 32 9 62 36
10
6 52 35 35 1 6 8 37 35 56
12
12 14 12 28 44 8 23 11 64 58 7 51
9
53 59 28 61 56 63 49 61 51
21
32 51 25 39 23 59 31 15 6 44 27 33 23 34 55 33 34 49 40 20 44
3
14 7 24
14
6 8 1 56 27 32 42 51 7 1 45 37 15 51
13
41 19 38 11 10 6 44 58 45 63 37 8 12
25
31 16 49 39 16 40 1 48 17 52 54 17 32 26 32 18 41 8 37 14 18 46 19 61 39
7
59 11 7 6 54 38 21
11
12 37 13 12 20 30 63 9 46 31 34
24
48 10 21 20 23 38 1 41 35 39 40 29 50 47 35 39 20 55 13 31 27 25 42 46
25
41 54 36 7 23 48 54 32 4 10 54 42 10 31 12 49 6 40 34 52 10 8 7 1 20
14
27 45 15 9 34 55 62 5 61 21 53 50 52 56
30
42 33 5 8 44 53 13 20 22 1 29 29 7 29 49 44 56 29 58 64 62 48 61 3 44 17 55 29 5 46
9
46 15 28 53 58 16 1 13 37
18
42 1 8 6 49 51 61 13 44 60 11 27 57 13 6 9 3 34
16
48 57 58 62 20 46 56 35 47 4 7 47 45 8 54 51
19
40 47 5 19 43 15 45 35 27 50 43 29 20 56 12 12 49 10 32
30
1 2 13 4 9 59 49 16 49 35 7 24 17 11 43 59 25 23 29 51 9 8 15 28 63 27 39 47 36 6
30
36 8 25 39 16 20 23 31 4 57 37 27 10 48 5 4 8 28 33 59 36 40 9 63 38 35 37 20 6 43
8
41 50 57 16 1 12 38 31
10
31 3 42 40 50 46 43 58 9 11
9
44 50 60 42 23 31 15 43 36
20
11 13 42 3 28 42 15 1 8 29 31 10 6 6 60 52 49 53 60 59
15
40 45 35 17 3 1 31 45 37 23 55 49 64 58 12
18
8 12 48 36 43 58 42 48 53 29 32 41 24 27 16 63 7 50
21
9 51 46 54 23 5 44 7 4 37 18 45 44 29 28 16 7 21 57 55 9
30
22 49 44 48 64 43 54 50 58 63 36 39 52 58 43 31 64 47 4 17 27 47 45 54 62 52 11 54 42 19
17
63 4 54 47 3 32 36 52 25 34 23 63 21 16 42 52 15
29
55 31 50 37 12 39 35 63 49 24 40 4 34 38 7 23 20 9 54 56 61 14 25 19 12 46 35 53 33
22
12 23 16 61 59 27 36 29 25 20 53 64 23 22 37 29 44 57 38 33 48 34
17
8 52 57 53 22 46 21 7 57 43 22 54 38 48 25 2 8
15
54 7 3 11 43 31 54 35 4 22 18 37 3 26 25
13
14 46 41 35 52 33 13 9 22 50 56 46 52
6
26 41 5 28 52 48
19
41 18 62 63 36 34 1 61 58 60 10 40 36 44 27 5 57 36 26
29
27 8 29 26 33 6 30 60 57 13 53 33 31 50 31 2 20 32 62 13 27 7 52 63 51 15 3 43 50
27
20 12 35 49 37 3 54 3 62 46 15 51 14 45 36 45 46 55 12 43 4 38 50 55 36 36 5
15
14 54 2 33 2 36 17 38 39 6 40 36 51 55 22
18
35 58 45 17 48 56 59 51 29 44 42 1 15 46 38 28 36 39
10
37 11 13 10 49 19 50 20 5 40
19
5 10 35 49 26 18 40 21 5 5 64 46 5 15 27 42 42 62 17
7
34 27 51 44 11 5 29
27
9 4 7 14 13 41 62 39 59 38 59 63 42 58 44 46 8 6 23 50 4 39 23 37 1 9 16
22
13 44 41 22 47 47 35 60 24 32 34 18 5 28 16 46 21 59 27 29 64 50
31
3 24 36 40 25 45 55 35 57 35 11 14 17 58 48 12 17 16 45 34 20 8 49 2 29 43 28 57 42 13 6
14
37 41 20 61 21 10 31 14 44 42 27 61 35 11
7
51 26 53 20 45 60 4
9
24 46 10 16 23 22 21 3 58
21
22 54 18 32 21 31 11 62 58 7 32 4 15 18 29 3 37 9 62 40 55
13
21 64 37 43 21 58 46 15 55 3 4 8 34
5
39 45 21 32 51
17
35 1 5 63 3 41 7 1 16 61 22 36 60 58 15 17 51
15
31 41 62 34 49 32 58 23 12 14 54 62 2 24 63
13
22 1 47 28 1 62 25 22 34 20 16 48 36
29
43 2 43 40 36 27 7 29 49 18 42 38 16 43 61 14 49 18 14 31 45 15 28 5 36 61 25 51 44
5
53 22 62 31 62
10
57 4 61 41 22 38 14 37 17 10
31
1 27 63 31 7 13 58 12 49 55 36 35 34 31 23 56 28 53 53 60 45 56 56 21 13 30 34 49 46 43 34
7
5 33 12 12 45 5 23
8
59 58 64 29 24 22 20 52
12
8 47 55 63 39 12 12 4 45 60 49 24
31
30 28 62 41 39 42 45 61 7 40 54 6 4 14 27 23 1 37 30 47 28 28 21 39 39 24 19 35 8 42 64
20
6 61 13 44 38 58 41 44 33 30 49 36 43 12 58 43 48 23 26 11
31
46 49 25 6 4 59 13 45 58 50 50 54 62 30 27 55 6 7 23 35 55 58 14 2 51 56 50 9 17 60 59
12
45 19 4 48 13 16 28 6 1 14 59 63
8
21 53 48 27 12 18 18 5
10
19 56 23 4 64 39 64 58 37 44
9
40 27 24 56 54 29 56 3 23
23
45 44 43 28 6 54 46 23 58 12 42 49 34 45 49 9 44 42 45 23 54 21 49
2
12 39
21
3 41 64 57 22 43 35 49 49 24 30 7 17 42 48 2 11 29 50 19 8
22
64 31 16 20 15 29 31 53 6 33 30 5 25 51 48 59 35 32 18 1 38 35
5
22 36 52 50 21
6
57 47 6 23 63 25
9
27 55 26 32 23 55 36 48 41
26
42 12 50 60 12 24 30 53 45 1 40 30 21 46 22 3 51 45 1 11 18 27 1 43 58 24
27
30 7 10 48 48 21 34 43 32 57 8 20 37 8 60 2 28 41 23 31 28 3 31 38 20 58 39
24
51 62 32 16 4 41 64 51 62 33 30 29 25 37 49 61 45 44 62 8 20 20 38 47
8
5 21 42 62 59 40 48 56
12
64 59 48 63 45 45 31 10 9 55 47 57
14
27 36 48 34 56 3 8 38 25 12 58 3 9 52
11
56 43 49 55 37 32 53 18 12 19 27
3
9 9 13
18
35 48 42 5 39 45 12 13 5 23 6 7 31 58 49 22 36 33
26
9 64 1 26 11 20 52 30 28 61 42 23 31 26 64 35 64 44 46 12 49 4 18 55 34 11
20
56 46 7 4 54 6 4 15 16 23 3 46 51 63 23 9 29 48 8 64
15
52 45 59 36 49 12 26 18 22 1 9 4 7 12 57
28
16 8 28 38 10 9 24 8 32 32 36 15 40 35 62 27 16 57 62 64 4 23 17 26 23 26 29 30
18
21 42 52 28 5 26 37 14 49 44 45 17 16 59 56 50 57 18
16
49 15 64 52 37 17 13 60 42 41 25 14 62 2 2 25
27
27 62 19 11 41 63 27 56 58 18 42 50 35 42 34 49 42 21 22 58 34 17 35 10 41 48 7
13
49 32 47 11 29 2 22 5 64 48 61 57 2
11
42 36 15 11 21 56 32 42 49 1 58
16
10 34 3 17 11 51 48 57 62 12 58 19 16 58 2 12
15
3 49 28 39 64 38 59 55 5 36 40 5 29 58 15
7
60 31 8 47 14 64 44
18
58 62 40 51 63 52 36 2 36 63 40 35 37 34 26 41 5 1
7
33 58 60 30 54 26 37
7
39 36 15 63 29 12 38
14
10 25 51 11 61 49 50 31 21 19 56 62 23 56
6
55 50 38 20 39 63
7
10 37 28 24 35 56 35
13
7 44 33 57 55 29 41 40 59 62 59 51 59
28
42 37 8 27 10 27 1 8 19 10 44 46 33 14 37 3 21 43 47 53 35 37 17 12 12 12 9 6
25
3 23 39 39 30 2 48 56 2 55 10 12 34 55 44 47 28 47 3 6 29 56 41 1 8
9
12 19 60 18 16 62 40 55 36
20
56 19 60 57 9 6 4 42 60 48 24 23 30 26 29 58 17 5 58 25
29
5 43 51 22 59 48 61 49 19 1 40 37 61 32 45 2 36 22 61 19 45 20 48 6 48 41 23 52 34
22
43 38 25 29 60 19 12 56 3 30 57 42 2 53 10 46 54 45 3 50 63 47
28
46 52 52 22 10 39 55 56 17 28 17 45 23 35 56 15 38 21 7 15 22 59 24 3 48 4 5 33
17
51 38 47 39 25 4 48 64 58 40 16 22 56 61 44 26 52
15
63 9 64 14 30 58 37 33 41 41 37 10 42 24 47
30
62 7 28 45 6 22 20 22 43 11 18 22 37 5 16 35 13 15 48 43 9 21 11 49 61 47 58 38 6 40
27
3 47 26 48 52 47 3 9 25 14 26 46 50 31 61 20 43 12 4 21 20 24 31 4 20 14 62
14
19 37 55 22 19 16 5 7 62 7 15 22 20 41
12
5 7 64 25 49 11 28 6 30 51 36 33
5
49 30 62 4 3
25
25 21 3 29 27 64 35 42 21 55 18 24 59 24 23 19 8 33 46 13 62 32 49 30 37
6
60 35 36 62 22 60
21
25 24 45 24 59 22 45 49 39 4 43 62 26 62 5 58 43 18 55 11 2
25
47 34 15 17 6 12 39 1 30 63 25 10 22 19 31 2 3 5 5 45 2 30 42 6 23
2
23 13
10
24 33 13 58 47 30 63 59 4 63
15
2 23 33 23 41 63 25 43 3 29 24 4 59 1 9
18
21 32 30 51 55 62 64 48 44 29 46 38 32 45 61 33 3 29
18
44 27 15 22 29 44 45 32 38 46 41 54 2 8 19 53 62 16
3
46 60 16
26
33 47 7 30 15 10 58 5 53 21 20 10 49 63 55 17 36 36 57 25 37 64 44 25 61 59
13
42 54 27 5 23 9 11 52 23 20 45 28 8
28
47 18 50 45 8 2 16 43 58 40 15 57 19 40 53 14 51 31 3 14 35 25 22 45 12 45 1 57
15
8 57 54 25 42 34 32 43 49 10 36 24 25 28 43
5
17 56 50 47 58
12
17 19 21 61 30 1 61 22 8 5 15 61
14
56 30 61 35 14 6 6 37 30 34 15 29 50 6
26
32 64 13 48 18 33 44 47 33 41 5 40 45 19 36 9 10 1 5 44 14 11 50 51 40 19
2
5 4
28
19 35 6 31 18 23 64 61 5 32 37 9 8 17 27 43 26 37 44 30 16 57 40 1 43 16 19 44
27
22 50 38 56 55 4 9 13 3 6 17 35 42 26 42 59 52 20 20 24 63 49 40 56 25 40 34
17
59 13 59 16 62 32 8 52 35 16 64 38 21 17 8 63 42
16
57 29 4 12 53 3 60 28 58 20 3 27 59 61 40 53
18
37 20 20 25 55 35 24 28 56 40 35 54 17 19 46 46 22 57
5
24 52 61 17 8
24
44 2 60 19 55 8 55 10 27 15 64 61 39 27 52 14 61 41 31 15 22 12 37 14
14
60 2 41 13 9 39 56 10 34 10 64 41 64 10
16
15 9 64 53 36 51 2 32 28 32 47 49 43 19 63 23
21
64 63 26 8 38 17 17 7 26 17 48 26 26 50 40 34 49 28 5 36 29
30
63 61 19 47 39 37 45 62 50 44 60 12 51 33 28 4 40 54 20 23 15 45 8 54 14 57 17 19 28 45
18
26 41 9 8 16 45 53 13 30 32 8 41 19 41 5 22 16 58
12
38 8 21 45 61 34 37 13 52 64 57 42
2
34 50
16
49 30 21 61 60 52 4 36 6 44 40 27 59 33 3 32
17
23 13 36 57 49 48 44 49 41 22 9 10 7 41 58 37 61
9
32 49 57 3 54 37 43 17 31
12
19 63 51 42 11 22 34 59 6 13 43 46
21
52 55 41 28 48 13 25 37 44 9 29 46 62 1 24 14 32 35 33 30 21
5
40 42 43 34 47
18
13 28 25 64 18 1 27 1 13 51 37 56 59 2 37 57 2 61
9
33 31 38 62 51 47 37 28 25
14
11 16 19 38 40 18 56 40 44 56 52 31 29 43
16
30 15 17 31 11 23 64 41 60 61 27 43 34 55 3 40
4
18 58 38 57
24
29 32 54 21 19 20 49 61 45 14 12 61 44 22 19 43 63 15 40 25 57 9 15 59
23
15 13 41 53 5 51 17 37 40 37 55 60 21 52 40 34 63 36 14 20 55 56 18
22
31 43 61 39 57 55 22 8 3 62 60 8 48 12 44 24 49 34 19 5 21 58
30
19 29 52 39 19 43 56 23 10 34 19 48 27 10 6 34 12 3 29 19 51 40 62 10 24 32 28 29 52 21
8
7 49 54 45 4 32 36 26
24
6 45 25 32 54 30 1 1 32 29 20 18 4 17 27 28 48 54 56 36 10 58 42 59
22
22 62 14 57 23 55 62 3 15 29 56 44 29 57 11 57 12 29 61 28 55 24
29
45 15 47 54 8 24 48 54 45 45 3 37 4 57 35 6 7 63 62 50 28 54 61 20 1 25 16 28 15
6
39 59 53 21 49 60
27
32 49 24 13 52 61 16 44 31 21 51 29 18 36 56 7 32 12 7 56 27 35 7 2 9 1 54
11
49 50 9 17 34 33 29 21 29 44 1
16
64 51 23 18 22 15 24 54 26 31 45 52 1 51 53 9
9
43 38 36 28 47 52 61 15 16
25
43 59 18 37 59 4 59 12 25 9 35 14 34 1 59 22 1 45 10 10 32 52 47 4 15
10
55 12 43 7 29 21 1 46 57 59
12
52 6 9 60 41 23 30 41 17 51 42 61
5
51 29 48 33 32
25
62 22 9 40 28 37 61 29 18 53 23 2 40 29 11 36 5 33 1 45 49 51 22 45 46
5
9 29 41 40 27
5
62 35 13 25 8
22
53 25 62 12 27 37 40 37 8 44 5 8 24 53 58 46 33 40 53 42 4 29
4
30 2 14 1
16
39 8 23 27 32 20 38 58 57 13 30 64 56 34 8 16
5
1 61 55 40 49
11
44 14 48 9 15 62 9 29 36 16 52
3
48 7 36
28
63 48 7 63 40 40 6 55 62 6 51 52 46 35 19 25 48 2 33 63 63 42 27 34 57 14 32 40
24
3 17 19 50 23 17 25 62 22 15 59 28 1 46 9 36 64 33 19 2 1 17 64 42
23
34 35 57 1 10 13 3 26 32 52 48 48 13 46 6 27 40 33 28 22 41 63 21
4
17 22 9 34
27
51 13 55 21 5 55 30 18 57 56 49 44 39 32 56 20 37 19 60 5 46 17 45 44 37 53 60
24
62 29 16 48 41 6 4 46 60 33 63 52 24 47 31 63 14 23 18 51 41 13 55 22
10
36 1 2 24 60 60 21 25 11 4
22
16 7 46 11 40 44 62 63 26 28 61 40 50 15 26 26 27 16 47 56 51 47
8
11 43 52 31 3 62 35 3
26
41 49 23 16 28 20 15 54 47 11 29 33 25 54 58 52 5 41 43 56 23 35 2 1 22 32
20
19 2 6 31 43 54 53 58 17 8 8 6 54 19 34 22 43 23 16 30
17
56 8 19 14 42 20 15 63 51 17 17 53 22 47 31 11 35
23
28 42 32 33 32 50 3 53 28 25 4 58 52 59 1 6 9 43 25 23 41 12 39
25
64 61 40 30 7 11 53 34 52 20 3 19 5 5 8 33 29 11 26 17 6 26 22 14 4
4
36 45 58 10
11
57 6 13 22 13 23 10 46 11 30 48
4
34 52 36 2
18
47 27 33 52 53 54 1 56 36 36 36 29 45 9 21 51 22 42
16
44 52 44 54 17 28 19 50 15 54 52 31 36 14 63 23
3
53 23 58
3
58 29 53
22
38 9 25 59 51 23 38 38 2 28 54 29 46 39 44 35 26 10 7 40 9 29
30
61 52 34 20 45 63 8 19 36 17 43 30 3 1 3 40 3 30 29 31 11 3 10 46 29 20 52 4 28 16
21
24 3 14 43 48 12 51 2 47 3 45 12 5 45 14 44 47 44 8 14 54
27
23 35 38 42 22 41 5 38 21 28 40 34 7 23 45 57 25 27 59 5 38 63 49 51 42 32 30
22
45 20 58 3 54 32 45 12 8 49 49 28 13 24 61 19 47 41 11 7 3 5
26
40 3 59 27 44 26 56 28 6 11 21 9 1 52 53 12 60 37 60 23 49 19 20 3 1 60
4
7 63 17 17
27
19 12 64 62 37 56 25 43 2 46 51 2 33 39 13 28 11 8 51 60 27 6 62 27 1 11 34
16
27 50 37 46 61 36 43 34 27 4 12 29 49 62 30 17
5
43 45 46 50 31
8
12 36 39 39 36 49 8 35
30
57 7 56 54 42 35 23 5 38 34 33 22 31 62 38 2 40 18 47 26 48 24 37 19 62 11 55 46 18 25
19
11 31 48 64 8 18 22 12 55 55 44 12 21 42 49 22 17 3 4
19
50 27 15 5 24 25 59 5 43 19 61 53 49 44 52 56 61 9 4
20
63 47 62 19 24 46 40 41 48 43 18 34 6 32 38 29 57 32 34 35
7
30 23 34 9 10 25 5
11
28 55 16 11 52 34 34 33 9 10 17
4
28 50 56 59
10
21 51 54 54 21 39 19 43 8 27
3
32 31 5
11
21 20 6 8 53 39 40 61 49 56 48
29
41 39 6 63 59 57 52 48 13 26 2 56 33 28 43 1 58 48 60 14 3 1 21 56 39 61 52 23 52
8
34 29 10 40 27 4 32 15
7
44 40 53 35 9 17 14
12
10 61 4 24 63 4 44 54 42 40 42 1
17
12 34 56 21 9 18 25 40 32 12 20 8 64 54 16 16 3
27
26 63 27 49 62 30 28 51 7 4 28 7 31 40 41 22 60 49 39 20 25 7 31 44 14 31 33
28
46 36 52 7 34 14 55 31 43 19 18 49 22 45 56 52 20 32 9 16 16 47 35 40 53 2 19 2
25
52 30 13 23 17 20 56 30 10 23 8 28 40 57 49 20 48 36 40 15 44 55 30 27 25
13
15 26 24 17 57 11 46 6 33 63 25 25 28
9
47 36 62 22 28 46 41 11 18
15
25 61 6 54 23 31 59 38 56 19 54 49 29 35 54
11
33 14 22 61 47 4 32 44 25 59 26
20
5 43 17 29 39 22 18 62 52 13 35 44 31 24 28 59 58 17 56 27
21
13 23 12 16 54 56 40 48 17 41 52 59 57 16 33 14 33 30 2 45 64
2
11 23
27
6 17 24 61 43 53 10 1 64 25 54 55 1 37 7 41 24 1 33 39 34 46 7 63 47 52 63
16
62 21 34 3 37 57 64 15 45 9 15 45 33 4 35 33
5
42 9 63 42 41
2
11 23
17
10 5 31 8 32 28 28 1 31 1 58 30 15 38 38 30 18
29
33 53 39 9 30 47 7 7 24 44 18 46 23 27 50 53 34 17 16 61 18 46 61 11 11 12 48 48 41
27
54 9 54 28 17 19 10 24 25 33 3 42 14 25 4 64 13 37 16 28 34 33 10 30 43 20 41
8
4 17 28 57 26 17 20 42
30
29 1 59 62 3 37 11 27 40 10 39 13 26 3 46 58 12 11 37 31 52 63 34 4 26 26 29 42 45 7
19
10 7 6 7 10 42 17 36 18 27 11 30 52 13 11 45 24 21 17
31
8 15 24 12 40 49 40 17 30 46 28 39 53 34 45 62 11 61 33 28 23 43 57 10 55 3 55 14 24 7 4
14
22 27 42 61 11 18 14 40 63 41 14 51 10 58
9
21 55 17 48 13 59 41 23 50
30
13 63 2 19 2 33 40 28 10 37 39 27 50 14 26 26 28 12 36 21 60 56 11 12 39 24 6 15 46 55
21
58 54 59 12 55 27 52 19 37 24 57 63 9 6 24 34 33 36 5 54 31
21
64 42 35 23 47 49 4 38 42 61 27 37 9 17 63 60 35 35 19 27 34
10
33 57 60 1 28 1 54 58 60 54
10
30 12 18 15 16 55 56 12 17 28
11
33 27 15 4 61 33 30 30 59 62 23
26
63 50 55 52 44 50 41 14 16 53 31 30 4 21 21 15 37 49 35 6 11 49 9 7 18 38
14
12 36 59 2 34 44 56 21 23 42 62 37 57 50
18
22 53 24 42 3 60 26 37 1 36 22 9 43 39 47 15 50 18
28
52 51 52 43 7 11 20 4 47 12 53 49 33 41 8 11 44 4 36 16 4 8 37 13 50 11 59 64
10
12 8 48 62 59 26 4 5 46 8
26
57 60 36 26 37 43 36 16 46 7 31 50 14 4 62 63 14 56 62 10 3 5 57 64 64 19
28
4 64 10 55 56 6 26 17 42 4 52 57 50 59 23 35 8 26 32 7 40 23 4 49 25 9 42 24
5
60 26 11 59 36
12
50 41 26 3 18 30 54 10 15 48 32 49
23
58 16 62 33 38 1 17 62 9 58 21 16 53 46 27 47 17 27 33 57 53 35 10
9
24 19 32 8 51 16 63 44 31
9
12 4 60 28 1 5 22 21 20
23
2 46 57 19 9 25 11 61 59 21 14 18 39 45 25 25 60 23 4 26 18 15 29
13
43 29 18 64 49 37 9 50 19 1 4 27 25
20
23 19 35 36 37 9 16 61 34 11 20 37 36 37 52 64 50 30 28 3
8
12 40 37 61 58 38 1 20
21
15 42 17 49 13 53 57 28 49 26 38 4 63 9 41 50 8 26 15 35 29
2
46 4
24
42 61 52 42 16 50 56 57 2 40 5 54 33 32 38 58 5 42 56 13 18 41 20 43
26
54 7 33 35 10 48 12 6 35 54 21 20 45 13 21 21 17 10 53 48 48 46 52 25 38 64
17
14 19 20 5 8 27 37 42 36 20 54 42 55 43 62 10 23
24
31 43 27 40 31 11 23 13 62 47 50 62 24 63 16 44 3 24 6 40 1 41 59 54
23
49 32 16 59 55 26 25 33 52 64 64 62 23 12 60 5 61 57 29 59 8 8 62
24
13 37 32 53 31 21 7 16 53 22 10 43 47 34 11 34 33 10 32 55 21 27 60 17
10
24 12 26 31 9 57 43 45 24 31
14
44 37 26 32 58 35 10 40 4 21 10 37 30 41
18
51 3 22 3 21 45 14 46 11 22 38 53 2 61 20 13 41 56
29
8 50 9 18 25 12 38 34 48 3 10 11 53 12 32 56 32 13 5 14 23 27 51 12 28 48 31 40 24
31
14 31 7 22 48 32 33 21 1 17 24 11 27 12 22 58 3 54 6 8 3 29 34 53 40 61 36 6 37 59 27
9
26 34 7 9 1 39 30 1 55
22
11 17 64 33 11 3 22 16 10 24 44 43 12 19 39 48 24 11 42 51 60 3
15
2 12 20 41 41 20 31 29 31 48 28 63 58 30 20
24
39 43 53 17 54 7 56 37 31 2 15 17 62 17 36 63 28 55 39 4 10 6 32 40
12
60 38 46 25 57 54 64 35 42 16 25 49
2
61 15
12
11 31 6 28 2 4 55 56 43 59 1 48
29
41 36 21 14 17 46 7 6 45 41 48 60 1 32 3 62 46 11 8 12 16 35 13 19 26 4 61 20 4
3
45 44 15
25
58 31 47 64 37 27 40 20 22 41 51 24 38 32 34 45 43 49 16 55 4 41 58 64 60
24
44 40 41 58 41 34 25 23 33 61 49 8 16 7 48 2 30 21 33 64 2 11 48 17
24
51 57 58 51 52 54 30 27 30 23 4 63 47 26 31 43 11 39 58 17 22 59 46 43
28
45 44 37 29 60 37 15 52 30 1 39 20 30 1 49 53 4 48 35 30 14 14 40 52 7 56 10 2
10
52 28 18 31 1 46 26 37 60 13
28
61 51 22 26 51 6 14 55 53 49 20 3 62 59 54 4 50 63 5 22 50 33 39 16 33 20 41 5
29
53 7 12 39 28 37 26 34 51 16 22 35 35 24 32 29 14 35 14 12 40 35 62 8 10 13 40 29 54
27
44 42 51 55 17 14 28 42 47 14 57 5 48 27 28 15 55 41 49 4 53 24 38 50 31 47 62
9
12 51 50 55 29 36 46 45 49
28
22 32 22 14 36 5 40 63 19 30 40 3 33 28 27 6 13 57 53 10 63 64 61 48 54 25 19 35
8
3 43 26 34 64 39 5 4
13
4 22 43 43 25 11 6 51 16 18 43 4 27
26
3 23 24 57 47 42 27 51 45 6 12 14 5 50 19 9 63 22 30 41 64 54 51 5 40 3
19
19 6 48 59 9 7 19 1 53 60 27 40 40 32 51 54 37 37 8
12
35 29 10 12 28 64 62 32 39 64 53 57
15
36 52 14 42 6 14 31 1 40 6 41 8 56 30 44
9
37 24 63 1 33 10 28 32 7
24
7 7 47 63 12 18 50 25 60 55 38 26 56 13 31 32 20 22 61 63 50 33 22 48
16
55 57 60 22 63 54 28 5 36 27 16 53 12 40 48 3
24
9 58 26 39 25 45 61 21 44 46 53 1 29 21 55 21 16 13 19 5 40 24 40 2
16
28 14 15 12 16 27 20 9 52 59 33 33 55 53 12 36
28
12 64 61 3 20 12 15 38 16 54 61 55 56 36 18 5 50 29 20 12 49 28 64 43 60 32 33 48
28
4 24 54 3 20 56 22 31 6 59 46 60 56 36 51 27 53 55 12 18 10 23 2 37 22 44 32 53
17
15 31 15 38 21 17 57 12 38 23 18 32 4 13 23 39 63
2
27 53
3
44 62 19
12
34 40 24 1 29 35 15 59 49 52 15 1
13
27 38 2 44 6 5 56 28 43 54 13 5 42
29
49 39 26 29 8 2 53 8 30 23 22 24 8 9 39 8 52 1 46 53 44 51 57 35 14 35 24 26 39
6
34 23 39 59 52 46
15
40 53 25 62 10 49 5 18 23 13 5 23 58 57 2
27
49 36 57 19 59 19 57 59 52 16 33 46 3 14 42 42 2 2 39 11 50 44 28 8 56 32 30
12
24 31 28 8 2 20 26 60 38 18 54 25
8
22 7 35 35 48 12 36 49
26
46 35 30 9 42 21 40 8 5 63 38 32 6 40 51 31 35 25 49 25 49 17 46 55 52 17
23
63 52 23 49 34 57 14 42 34 34 18 41 38 16 15 5 22 54 56 52 24 16 36
7
64 53 30 55 40 46 28
7
33 50 23 2 42 36 44
9
6 61 52 43 12 2 48 33 55
28
21 15 54 56 62 53 44 27 43 19 8 7 57 41 56 15 42 34 50 21 45 55 17 32 34 29 34 17
4
24 55 17 38
25
9 36 32 52 62 11 7 6 17 63 46 8 13 23 41 62 44 21 53 60 53 22 24 22 38
8
45 28 37 19 7 45 54 38
24
51 48 39 56 64 37 37 8 49 60 48 46 39 5 34 34 57 55 58 14 28 14 58 55
3
12 61 31
24
35 63 52 18 37 43 18 9 16 25 57 11 8 38 49 12 8 18 4 62 11 17 26 24
2
16 10
23
13 40 23 47 38 10 64 10 52 17 18 3 41 10 13 49 47 61 60 54 15 64 52
14
16 13 49 26 28 58 48 40 33 6 22 6 15 22
20
2 38 32 5 15 41 17 63 23 14 58 13 28 57 64 52 9 12 36 34
16
29 17 15 61 22 36 2 36 57 16 38 31 47 42 45 23
21
43 46 7 36 58 34 29 57 22 37 4 57 6 42 22 23 56 18 44 28 20
23
20 35 53 50 18 30 30 40 23 8 21 30 44 14 63 8 6 20 44 9 13 49 51
15
7 42 51 51 5 6 2 25 41 54 10 58 19 40 33
24
47 54 6 26 3 5 33 9 24 12 17 36 61 3 5 3 45 56 53 49 61 54 9 37
30
19 30 61 58 63 38 40 52 43 2 54 47 34 62 7 46 15 42 42 17 47 44 61 38 33 46 34 22 54 7
12
8 36 61 1 34 34 41 21 13 42 11 59
26
8 1 56 22 43 33 39 25 13 35 62 45 16 31 2 6 37 2 13 9 63 14 42 32 54 63
5
31 9 39 41 16
12
33 38 17 1 12 41 13 46 38 57 62 5
16
3 41 60 15 49 58 28 27 26 17 25 5 47 33 43 24
3
18 56 21
7
56 32 11 5 14 48 61
16
52 55 13 29 51 27 13 44 55 39 5 7 63 10 54 31
13
13 15 5 4 35 39 59 3 49 63 16 32 60
21
20 50 38 48 36 64 60 16 54 35 20 61 33 29 50 64 17 62 14 21 1
21
59 59 50 43 58 1 11 53 26 30 38 63 13 10 63 8 25 52 42 44 48
18
9 33 10 25 30 23 45 30 6 40 25 56 18 18 56 28 6 18
2
43 16
24
52 14 13 12 2 54 56 49 64 64 18 9 24 47 31 4 13 37 43 37 28 61 54 19
5
59 36 17 37 52
28
25 1 33 36 2 23 27 51 22 26 4 31 49 50 61 53 62 33 31 34 60 27 23 15 51 17 50 3
31
37 23 14 38 56 49 39 14 12 25 35 37 28 1 22 14 62 10 11 30 40 45 26 3 3 40 53 20 25 55 9
15
13 22 35 4 6 9 17 17 34 52 54 61 52 11 10
14
20 21 15 59 1 40 61 3 15 49 22 39 39 30
7
52 51 6 55 57 15 8
20
48 59 62 44 46 8 54 31 27 10 45 22 10 20 18 12 34 3 34 8
10
63 44 28 50 49 19 42 63 26 50
31
20 48 26 1 55 15 31 18 24 11 39 33 30 56 44 63 58 13 7 35 12 50 62 61 34 16 38 33 41 23 14
23
6 39 61 61 53 27 14 12 38 52 44 3 43 24 2 37 36 8 7 47 57 4 43
25
20 16 58 60 39 8 56 44 46 52 40 35 14 53 46 51 40 26 54 19 49 55 55 20 62
26
3 54 64 45 15 19 61 9 15 35 16 6 14 61 57 54 31 6 42 13 57 18 38 46 36 22
23
26 41 33 22 43 22 21 24 36 40 20 44 54 54 59 59 3 56 51 56 22 56 34
5
48 51 7 29 22
9
64 47 5 32 4 47 53 24 6
24
63 25 4 52 14 63 46 17 54 32 8 11 24 41 45 7 27 51 36 48 15 35 30 19
10
33 1 55 57 7 15 55 31 19 43
26
17 24 61 6 56 4 16 15 45 60 21 7 47 56 55 61 27 20 15 29 53 15 19 45 21 34
26
52 52 13 32 4 37 28 9 28 31 24 42 11 20 62 18 2 54 8 62 16 27 12 44 15 26
29
59 47 31 30 34 18 42 1 21 14 28 29 41 58 53 18 5 8 16 22 9 5 29 6 20 55 17 63 6
15
60 64 24 27 29 57 44 7 57 1 20 20 29 61 14
6
14 18 24 29 39 32
30
3 37 52 57 53 50 62 31 46 62 54 8 26 47 51 32 39 51 52 59 16 48 8 32 61 25 56 26 63 23
19
1 60 46 57 48 31 55 14 12 52 4 19 13 50 6 45 24 56 32
17
7 15 25 39 11 49 30 36 47 52 30 47 47 11 40 31 41
7
44 53 17 47 7 29 32
25
9 56 4 40 9 10 54 34 48 1 18 13 36 1 1 1 47 47 11 22 13 52 51 57 40
22
39 46 32 7 58 40 62 61 16 6 6 5 39 54 5 57 2 41 57 2 41 39
22
52 61 61 39 47 53 14 50 28 59 17 34 52 56 31 48 7 36 54 12 11 43
25
3 44 56 59 46 33 33 30 20 29 26 58 12 15 7 61 42 1 13 11 53 4 41 36 11
13
25 22 22 3 37 24 47 29 18 28 61 51 57
17
15 18 9 26 32 15 22 9 15 34 19 3 38 59 39 48 7
6
5 28 2 41 52 48
10
5 11 1 55 3 16 6 20 24 31
29
38 53 60 53 22 15 55 59 9 29 42 15 28 46 43 29 23 30 12 27 34 22 28 25 24 43 30 43 3
19
30 40 48 26 28 6 40 19 64 48 47 42 63 10 23 41 38 45 6
10
8 39 6 35 63 29 13 28 8 15
7
37 55 7 62 18 12 37
23
12 21 19 53 19 28 11 59 2 56 64 50 63 38 56 33 37 20 45 64 27 60 23
17
50 30 61 3 41 34 39 52 54 57 40 8 20 51 2 21 42
12
7 40 38 62 8 10 17 52 10 44 47 32
2
32 61
24
35 38 8 9 25 61 1 1 4 20 51 5 41 28 5 47 3 43 44 10 52 60 61 61
10
44 29 17 11 25 56 45 62 63 53
24
60 53 23 63 9 9 4 49 36 8 31 38 50 10 47 38 5 43 34 44 22 62 60 33
14
51 13 20 50 2 42 45 54 64 43 62 8 46 46
8
54 12 16 39 21 62 12 26
16
46 5 62 43 64 30 1 51 43 21 36 44 62 16 33 62
23
31 5 40 12 48 29 24 63 3 44 61 15 5 37 60 9 34 38 9 64 39 59 42
22
30 21 56 45 53 53 38 19 58 13 31 41 41 54 39 44 33 35 58 38 7 53
31
41 26 54 40 64 48 17 58 13 37 50 57 25 38 31 44 31 43 10 7 20 63 46 63 31 16 56 4 23 44 50
26
5 39 38 5 23 54 62 35 26 47 28 50 21 58 29 51 36 38 58 55 36 39 53 3 54 44
25
12 23 55 10 28 30 47 32 52 36 29 22 61 12 49 47 32 42 11 18 14 49 11 4 20
24
57 22 39 36 28 50 59 18 60 22 47 42 53 34 14 17 56 10 28 40 56 59 18 3
30
31 51 23 34 6 8 26 28 46 62 55 31 56 8 26 13 55 4 1 24 17 17 15 26 45 55 18 39 8 20
16
38 6 10 7 11 17 33 38 62 30 28 28 21 36 54 33
31
57 33 49 9 49 64 34 29 54 51 4 61 6 54 34 11 63 40 22 15 8 59 12 37 23 40 57 58 29 25 19
22
57 3 29 42 2 62 6 55 49 9 51 54 63 20 1 61 60 22 12 3 16 23
13
38 62 32 31 26 57 49 46 49 52 10 26 53
7
32 44 56 40 30 45 38
5
45 35 45 2 46
16
18 4 22 55 2 54 22 27 46 6 9 30 57 18 56 46
12
23 25 16 62 54 61 36 39 41 6 19 43
30
2 60 54 23 50 55 12 7 18 57 13 26 23 5 43 14 50 4 36 10 19 33 64 15 4 38 56 9 57 34
24
58 29 49 16 14 39 28 21 56 20 33 17 42 37 60 55 23 63 26 32 17 59 31 32
25
5 23 7 61 56 1 54 20 49 5 33 24 32 53 15 52 21 32 29 58 27 20 16 25 45
10
41 39 14 8 37 18 30 43 14 21
20
3 40 28 7 9 51 39 61 1 26 18 32 54 11 58 9 26 18 54 8
14
28 21 2 64 38 32 42 51 52 21 53 28 48 60
11
34 34 32 34 59 49 2 48 59 59 57
7
13 46 28 7 9 48 8
24
22 39 50 8 27 6 61 54 53 56 25 22 25 56 56 19 41 57 2 35 51 58 55 63
20
18 5 48 1 13 56 22 51 41 30 13 47 26 2 35 17 26 57 41 18
31
59 58 40 60 28 26 54 18 25 28 35 29 11 36 41 2 57 28 43 22 40 25 47 42 59 63 3 51 39 20 34
22
13 9 29 41 35 18 58 59 45 29 23 56 64 64 57 56 27 35 14 2 59 60
28
54 59 46 40 33 1 10 2 14 18 30 54 52 47 47 46 27 11 5 18 10 4 11 2 30 45 15 31
7
10 10 29 4 55 4 37
10
13 38 4 31 3 57 18 49 40 64
28
50 4 29 60 7 39 61 36 19 11 2 58 20 11 22 24 1 26 60 56 38 33 59 4 35 52 22 19
24
21 29 12 24 57 7 30 31 3 1 50 13 2 43 33 13 1 56 13 26 51 4 63 19
16
3 53 50 24 7 12 44 35 23 3 28 30 32 58 32 32
28
45 33 22 13 45 22 4 58 47 54 61 45 8 59 47 60 44 6 2 55 49 36 14 51 63 43 18 57
5
49 35 54 18 56
21
62 13 5 55 59 58 52 40 1 46 22 60 26 28 61 16 12 33 29 63 31
12
16 23 17 1 58 6 18 49 8 15 62 12
21
56 6 57 31 6 38 53 2 63 16 62 15 27 30 43 25 61 50 41 19 2
20
12 7 58 61 14 8 58 26 13 49 31 5 16 36 43 4 37 41 19 35
18
45 64 34 6 60 19 46 15 20 22 26 26 15 22 40 22 15 1
12
64 31 39 15 2 17 18 39 58 36 9 48
27
8 17 21 4 35 2 18 54 23 43 16 37 1 55 59 15 55 29 14 21 3 28 22 20 45 60 13
17
4 60 32 12 13 52 15 47 54 32 37 12 10 52 49 10 42
28
25 32 7 38 52 9 2 9 28 46 5 40 62 8 36 29 19 48 16 33 30 5 64 2 17 10 53 1
14
30 43 43 61 49 17 48 57 18 57 21 63 61 60
15
4 31 24 23 14 40 55 44 44 55 45 60 64 34 60
21
63 38 61 60 22 13 43 15 30 35 35 28 31 30 24 35 61 47 57 10 22
10
53 2 37 34 61 36 3 57 54 1
3
50 60 52
25
39 2 27 9 36 54 40 1 13 10 61 60 2 7 17 48 59 18 21 28 15 56 30 7 45
26
36 30 26 23 27 64 24 53 9 59 43 48 60 55 57 56 50 58 62 3 41 57 20 61 20 34
16
50 40 33 16 12 63 41 34 25 41 58 14 49 52 56 32
14
46 24 39 32 17 36 34 57 28 53 54 48 23 42
30
62 10 48 9 8 24 43 33 64 36 46 48 23 37 15 6 18 38 44 49 54 15 18 47 43 7 36 26 29 13
9
26 22 41 35 30 64 13 62 64
13
43 47 6 15 62 11 32 35 54 17 25 5 34
8
47 40 42 8 4 54 1 30
20
41 64 40 40 12 37 39 59 15 22 64 29 19 11 61 53 64 13 13 4
19
19 50 22 60 57 25 49 57 54 60 33 53 35 9 64 8 47 58 22
13
58 51 22 4 47 11 3 59 23 7 40 42 56
30
37 49 22 22 41 11 17 10 64 51 18 63 58 64 57 16 4 50 2 25 53 48 35 55 42 58 61 17 35 53
13
7 37 35 28 13 45 44 22 44 31 39 43 24
30
35 39 42 20 40 2 8 23 37 62 64 30 59 17 64 47 30 6 19 64 34 31 44 13 53 24 43 27 2 3
14
36 41 42 55 17 44 62 39 16 59 39 45 53 55
19
35 20 49 53 19 18 20 62 31 8 21 9 34 22 11 35 57 52 12
20
4 55 44 42 6 39 16 50 27 6 29 62 25 14 50 43 31 5 41 61
27
61 6 46 19 16 16 11 3 27 58 6 18 37 48 23 11 63 9 38 5 37 35 29 50 20 8 17
24
48 13 36 44 18 17 62 34 32 9 36 59 2 42 12 38 25 34 49 23 42 22 27 15
13
56 64 11 63 16 35 46 29 7 25 46 23 23
2
55 31
28
49 32 28 60 5 52 29 53 10 7 10 37 21 1 28 20 12 26 36 46 7 64 52 31 45 11 53 60
12
19 46 49 50 9 44 55 60 8 43 5 14
30
41 34 53 4 54 64 29 25 46 35 24 33 2 4 43 54 63 43 9 44 27 58 52 6 48 47 14 27 52 27
24
28 61 3 32 50 3 60 10 48 31 33 16 32 36 59 21 35 37 29 14 64 23 2 5
3
48 18 32
28
45 46 63 41 49 30 26 51 25 35 34 55 3 49 22 38 43 43 8 16 7 22 15 29 23 19 35 6
20
2 41 17 48 39 57 32 4 18 18 28 52 51 19 54 35 40 27 14 18
14
29 25 56 43 53 14 61 23 19 33 25 59 49 8
10
41 39 36 58 56 64 45 42 18 34
13
57 61 25 11 31 53 35 22 31 23 35 28 46
22
60 6 48 45 13 16 21 51 52 15 42 51 59 19 4 29 30 60 25 55 6 55
14
40 12 10 63 46 37 44 34 32 49 17 12 61 33
10
47 20 47 24 6 41 42 9 5 7
19
29 61 10 19 40 49 30 49 47 11 21 26 45 52 10 61 64 6 29
7
52 48 14 11 53 54 52
12
59 59 1 23 55 10 42 30 58 7 14 41
25
34 2 62 22 12 58 21 17 23 52 5 6 1 15 59 54 3 55 48 61 55 7 51 64 48
20
58 54 30 34 7 64 35 4 21 46 62 41 63 20 28 3 25 28 17 19
22
19 10 1 15 64 7 2 64 54 18 57 43 47 26 50 46 60 53 2 42 50 42
17
5 5 42 30 32 58 48 49 13 57 49 27 57 55 28 56 44
16
48 22 28 9 7 9 4 60 11 45 45 52 20 50 57 61
8
24 55 62 8 3 55 56 29
4
46 57 38 25
30
21 47 64 29 53 9 32 48 19 13 29 6 32 14 62 29 28 22 19 25 29 21 15 21 49 61 2 41 34 27
5
54 9 13 18 61
12
50 45 39 62 9 45 29 22 42 57 49 63
6
9 28 31 24 48 16
25
49 56 54 11 5 43 19 18 61 16 38 46 60 13 43 4 57 7 25 34 64 9 33 10 17
31
41 40 43 56 60 27 47 49 38 52 27 56 5 23 7 42 4 2 54 46 5 46 53 29 16 52 37 48 61 54 43
14
29 21 28 24 47 11 8 20 62 35 12 2 57 18
30
61 20 33 42 24 14 30 53 29 17 25 12 14 14 54 50 43 10 14 2 57 24 10 12 21 44 23 22 36 41
17
32 60 32 10 19 46 39 7 10 56 32 22 5 45 11 54 23
14
3 25 13 26 34 24 46 13 47 3 48 23 3 16
9
34 25 36 15 63 43 25 54 10
23
58 54 56 48 13 12 50 37 24 12 6 48 57 18 30 60 1 52 62 16 5 31 40
27
46 39 18 6 28 27 51 22 17 42 5 29 54 54 1 13 1 6 60 58 23 25 53 23 12 50 39
27
16 14 56 61 52 9 2 16 36 52 37 52 30 41 16 19 30 16 31 31 21 27 24 43 51 12 1
26
61 39 14 12 53 5 9 40 14 10 55 49 62 27 36 27 3 51 45 33 2 11 63 22 37 22
31
24 33 64 22 29 39 35 40 27 40 48 2 53 58 57 37 55 19 8 17 22 58 61 54 59 7 52 16 44 9 15
4
41 14 24 5
11
58 44 14 33 28 16 21 21 8 57 11
3
64 27 47
30
23 36 51 29 23 2 8 31 16 10 7 30 33 11 17 27 55 31 59 18 46 16 38 53 8 48 14 8 10 61
9
32 32 51 60 55 52 4 21 4
18
28 33 46 38 49 8 28 15 2 45 60 17 18 48 25 1 62 32
5
58 31 41 25 17
22
15 5 40 36 8 52 63 40 33 36 24 40 64 39 42 44 34 58 62 18 18 62
4
49 8 8 16
27
32 32 20 47 36 59 18 43 47 16 18 15 51 42 55 50 16 32 30 49 25 27 2 43 24 16 27
8
23 42 15 55 10 34 37 45
30
54 24 11 5 41 25 55 18 15 41 33 46 6 18 7 32 19 49 55 35 11 22 57 53 36 47 62 5 19 42
30
8 1 43 12 42 4 3 59 18 43 28 64 48 45 6 15 63 54 5 33 64 26 26 52 61 8 49 2 27 27
3
34 27 13
7
4 16 48 63 33 26 26
3
9 6 37
26
4 26 27 37 26 53 62 13 49 5 62 50 31 24 20 1 50 32 46 54 47 29 52 15 54 13
16
62 18 19 20 21 45 46 57 6 34 54 18 19 59 15 4
10
38 23 25 24 54 6 13 36 34 64
30
23 12 33 20 29 51 39 49 31 21 42 36 54 31 54 8 25 4 12 50 42 34 10 1 24 16 13 59 49 12
28
8 23 13 27 51 64 2 35 30 22 12 2 11 43 55 19 3 58 30 52 35 63 62 35 22 13 47 17
8
58 61 4 16 10 31 2 9
29
37 38 53 48 39 63 26 29 17 29 23 46 16 57 45 13 28 2 25 10 18 22 4 15 25 19 24 55 21
23
22 57 5 10 40 44 9 2 8 25 30 30 7 45 23 51 58 50 52 18 59 6 39
5
20 64 17 43 54
8
10 12 29 14 21 4 57 29
8
1 54 34 30 60 15 52 46
19
37 33 25 32 38 64 29 57 63 45 35 52 17 44 63 45 58 20 49
9
48 53 50 37 23 16 32 37 3
18
44 40 46 4 7 19 3 35 12 1 16 46 53 32 26 51 13 19
25
61 4 54 49 54 26 7 5 58 43 7 6 22 46 51 26 52 6 28 23 17 29 38 62 17
28
23 3 17 41 9 13 45 62 62 34 23 4 38 16 47 44 22 4 26 8 29 13 13 57 35 29 21 8
18
37 13 49 39 29 26 47 42 6 44 39 39 3 42 12 18 24 55
2
28 16
30
56 29 59 48 63 24 4 7 50 40 19 34 15 47 59 61 24 64 41 62 38 43 40 49 60 63 40 35 26 55
8
18 19 11 1 18 34 5 24
12
44 42 53 58 24 47 55 48 47 31 45 20
30
20 5 4 19 44 38 44 34 54 61 53 1 62 6 34 2 29 53 45 6 41 39 29 23 29 12 5 59 57 25
4
12 29 6 30
7
44 10 41 33 6 29 33
16
34 3 4 62 55 49 3 31 23 32 53 51 43 58 45 35
9
47 47 46 52 12 53 31 21 29
29
27 58 32 29 27 34 33 25 24 17 27 54 39 58 43 25 37 36 5 7 53 51 53 34 38 1 22 5 21
11
4 47 43 35 12 6 5 44 30 28 60
27
18 34 50 60 58 22 31 62 28 19 48 17 52 21 17 9 25 37 58 28 20 37 63 31 42 3 10
24
30 5 62 47 38 47 42 31 4 8 28 32 26 11 48 13 31 64 21 56 36 15 19 55
20
17 21 28 19 30 34 49 34 31 31 7 14 9 37 17 16 64 48 42 10
16
54 41 30 11 32 2 25 50 56 11 3 13 38 21 42 7
2
12 37