100
6119 9384
2534 2778
3122 7794
2517 5387
2972 6650
83 2363
5873 8691
7631 7764
78 541
9129 9173
4469 5212
2110 2568
2227 5783
1379 2863
380 4068
133 3930
553 4023
228 3070
725 1394
2019 5012
3904 6230
222 4422
733 3785
1935 5199
5287 8316
3359 6414
2025 6092
7495 9957
2476 6863
377 6997
2160 2306
1468 7085
178 337
432 847
1020 1314
396 6125
7235 9583
2028 8815
3015 5435
1311 4044
185 1088
1124 7277
3736 5789
1592 5404
1405 2755
1615 9933
2311 9677
6833 7740
4992 6227
3175 8095
19 796
1254 1435
3994 7468
77 98
3067 3318
3731 6653
6489 7302
104 4287
3528 3866
5625 8445
8096 8441
1718 8032
6672 8098
4440 4482
648 710
2505 4568
3376 9498
150 4587
3738 5307
2045 6220
105 1529
4086 5733
4548 9504
4123 8271
3441 9709
4214 6341
3189 7797
1253 2619
2062 2847
1536 2922
1549 2380
334 7765
6465 9842
2751 5194
3230 7035
40 125
3873 6988
3484 3744
386 2228
5717 9860
202 1433
5873 6438
192 3276
122 1475
1139 8859
2828 6030
1570 8236
1723 5819
3364 6144
4601 5929