1000
848446 844684
954111 141591
132837 716610
369671 761369
555217 525571
935878 033675
864159 548169
304646 604436
952772 722975
265264 425266
690664 604669
755617 751765
610229 012296
992270 720992
629665 695662
217147 174271
655764 656745
983531 849002
432903 203943
145268 651248
477309 479370
260264 242066
613582 386215
139502 329501
909918 309944
338271 713283
260197 627910
681429 682914
626220 026226
215748 348107
856732 637825
609916 690196
836545 565483
212714 171422
144129 142941
454824 482544
540060 645000
758347 754783
352013 303152
885328 882385
785482 258174
895179 579189
676793 744659
633208 823603
320735 037352
801954 804195
597295 527599
599596 965599
453387 437358
584317 574183
176605 066751
558457 475855
937188 793881
663561 366165
990771 990177
574599 599547
814927 248917
375970 737950
074316 037146
519202 225019
213831 291744
375630 537630
951682 158962
424420 240244
812243 184223
483524 425483
544692 649452
732556 567235
275766 276657
200210 021002
213669 961326
140298 142890
488481 881844
312909 319092
556264 552646
320190 319002
328297 292837
851574 458517
371399 931973
232463 324236
197428 729418
536665 566365
367320 723306
567975 382865
255394 955423
901828 219880
267853 628735
951701 170519
535598 415683
160359 501369
634537 343765
334333 333433
960271 019762
904152 451920
066725 267650
789365 539768
465992 465992
608758 870865
662279 926267
570942 945270
463449 944634
898506 905111
575165 565715
499755 495597
067701 160707
736802 062783
601469 646019
681365 681365
132187 711832
982348 248398
644795 564479
330885 085383
619710 167901
211061 601211
100437 890889
692358 523986
658644 648456
845510 508541
832113 381123
281015 815021
501268 506812
302564 305642
858358 853885
960476 946760
679677 677769
869237 798236
194945 159449
485389 588349
784834 873844
638101 086131
365880 806835
022616 216260
596516 956615
585453 455583
800258 088250
015231 531201
281610 917279
728234 372824
704292 367690
939452 392549
995217 927951
949532 359429
321445 454312
911623 123169
233037 233037
183472 842713
433686 364863
389830 314549
226769 662927
403264 420346
658437 772056
334423 243334
538836 386583
356743 533476
060092 000692
308941 918043
503713 053173
061869 986610
663771 771366
254638 345826
470831 841073
839379 978933
512827 784062
034909 039904
495184 158449
597211 219157
851006 651008
361382 183326
669617 766691
055802 852005
994172 127949
759412 917254
595943 459935
579148 458971
093101 191300
900450 059040
155179 911755
779915 790122
256063 036265
828302 208823
372706 025489
333295 784290
945126 941652
876202 220867
617570 167570
332983 823933
454208 824450
865728 785628
348296 498326
334927 243739
102147 712140
834127 834127
190876 079816
778136 378761
840865 856804
883657 587683
638274 873264
486690 680946
852047 025487
429322 422293
800579 383152
300153 310350
953264 632549
014022 751296
853855 220760
465227 274562
913025 239015
667291 216769
509888 808985
481270 710428
342719 241937
681125 852116
186110 161180
537076 770365
699204 099462
912543 429513
331573 357133
775946 816080
334777 777343
607079 770960
300071 010073
075309 703095
629517 197265
118652 621518
993054 453990
776037 706737
387546 568437
970679 697079
501766 061657
865125 681552
517363 222386
170960 179600
257888 287885
052198 920158
403204 434200
472643 462374
733311 137133
268516 652168
662892 826269
743272 427237
000400 749166
603020 003620
786241 178462
952667 265697
805613 361058
935245 935245
470495 440957
400627 074026
620809 982060
537661 536176
709866 706689
876738 877386
005551 550501
127571 127571
841804 484081
758945 457598
362302 466962
803436 804363
562047 475620
398520 935802
162717 127671
500712 507120
383365 989155
768136 637816
521547 124755
968426 964268
314061 106134
829208 289208
116881 118168
349928 432998
042567 045672
296998 929968
126461 146162
275694 729654
289658 592688
987873 893787
567118 518617
498080 008984
677040 006477
971686 679618
497420 497420
972316 505315
126053 021653
696572 527669
122636 366122
489149 149498
094478 740498
080837 307088
143403 034431
237729 793227
034168 634180
433541 345314
302047 732040
806820 208068
116299 919126
241960 071929
518270 078449
997737 997377
047859 985470
336717 716337
058923 539082
062004 042600
435073 116558
052475 057254
369262 223966
773801 187073
147307 073714
296786 910067
570631 163705
420196 012496
661193 916361
090994 904099
375899 899357
487744 474784
906681 091866
856821 128658
240938 032849
901903 009391
751111 115171
038009 308900
064786 486670
387858 873858
696950 095966
620887 807682
735932 372395
271874 172478
116785 256045
973782 389277
314996 949163
450192 120594
050252 502025
215555 331088
815681 188651
228364 862423
520187 805127
537740 457370
566262 226665
448340 034484
447551 445517
130042 976012
299112 636800
784553 784553
158236 815623
363625 998156
632554 355642
269059 952906
922228 292282
983365 358693
220061 016202
285243 453228
553608 650853
273174 895606
376043 734063
559706 760595
858889 985888
090662 906602
572312 231725
290425 459220
243331 333214
223731 272331
142037 139707
840852 280854
759457 745975
201703 023071
652311 131652
240312 220143
039034 403903
316459 914653
096820 268090
616276 126676
752067 653676
731623 237631
278975 597782
301661 160316
774176 741767
463945 464539
054501 405015
735834 375438
083091 930081
568383 653388
923395 325993
915672 195276
207121 201712
610563 031656
483481 526055
060977 067097
546920 904256
289652 822956
201736 132607
075027 270057
725397 737925
472885 674693
003545 030554
148459 195448
153013 033511
570946 407659
329208 022938
001737 464468
814173 743118
701520 010257
900601 900106
808966 968068
320504 230450
775389 839577
033068 086033
686950 985179
060152 106250
863347 683374
135065 513650
495218 892154
165459 491565
477403 744703
340720 340072
994795 479959
438598 588394
194557 197455
539846 359648
636436 636643
038077 308770
218130 310128
013344 430314
000785 005870
269401 429106
380427 078342
186280 812608
721915 838972
337241 334172
874610 061748
393300 030393
639957 569379
225502 052252
669839 896369
998988 898989
662267 662672
489991 799065
010326 600321
174602 398944
178096 722717
842884 488824
699690 096699
109149 491091
543933 334539
350626 352606
801897 180897
012128 562655
459009 599040
602912 069221
331790 190373
616161 727904
494381 491438
797926 729976
876989 689798
928286 882269
104733 017433
582794 729854
581617 681175
865366 685663
390575 075953
783956 798536
942819 129849
373594 453973
707043 944856
830983 330889
250869 980265
040322 402203
430419 344190
173384 133748
338076 337086
595052 955052
023060 020360
454871 676902
237979 327979
695877 768579
826952 161800
662507 676205
540866 456680
701354 731504
842769 789264
778432 727348
449580 448095
293823 833922
394380 910777
069851 180569
983284 248938
983186 386819
943538 459338
528547 574582
165235 529685
113182 121318
947809 498790
610325 115391
110994 095466
299583 295839
609298 908926
300234 034023
384783 348783
056429 906542
572848 825748
571339 935371
466882 684268
918606 806961
037692 036927
430700 070043
528005 906372
812255 185522
616069 669601
956250 506925
033214 314320
685570 680557
628908 898602
058571 870155
919297 992719
188857 785881
355874 485375
638943 638943
740044 474400
778978 977887
184147 181474
605312 210356
661210 606112
818166 611688
257640 625407
330637 763033
510062 516200
680675 656087
636246 623664
989893 882619
182385 538218
282937 282937
410344 314440
334008 380043
445834 844345
265233 652323
593112 321591
748766 678764
125621 521261
146233 621334
883401 884310
894839 398984
799220 292970
308309 933008
576046 604576
652677 726657
660186 616860
569887 986875
975044 454790
359603 906335
905171 958273
086111 583593
491634 434961
149263 143926
035565 550536
984226 982642
512347 517234
791213 917132
086382 386820
953467 162004
330885 622555
548176 561784
975299 957992
871984 878941
448171 118474
172481 171248
973514 549371
531136 361351
259060 965020
228834 483282
877693 789673
215920 210592
477147 741774
109987 097189
672718 762817
940121 029141
758764 746785
401601 610410
051094 050941
304086 040863
329558 598352
956657 657569
534661 435166
063996 369690
007955 505709
695471 697154
820314 801432
193148 143918
345690 603549
222609 962220
806768 660887
853622 628352
461610 661410
271999 199792
458536 562206
800261 813455
742321 137242
642455 524456
513274 372541
356848 120714
783518 738185
755281 152578
545651 455156
862787 772886
552469 625459
513176 511763
734761 167734
818017 171088
455392 617452
418748 788144
641752 614752
813829 296663
050295 529500
363961 363961
560327 657230
573275 375725
533027 703352
866815 586681
457374 773445
347817 478371
924245 106420
151040 902909
405999 409995
840323 843032
098002 710982
623869 266839
100719 019071
830135 851033
741693 914376
160383 033186
251683 521386
280679 608792
802077 287700
851270 580721
604080 604800
900399 990903
822554 258425
991124 191942
349851 593841
268754 687524
605100 050610
345159 913545
172887 827187
656605 656506
557013 731694
365885 588356
593596 396955
016813 380161
132968 986123
136190 016193
955081 851905
791076 717096
741347 774134
116476 676141
223962 962232
155720 512750
696384 396468
059354 994196
614781 714681
239454 543249
130190 103910
346506 436605
910319 990131
040789 948070
598446 589464
398506 965803
812870 818731
925659 295956
159016 151690
902324 878227
604801 016084
119043 031914
093162 213069
048508 588400
555555 555555
722085 179594
059677 507679
539716 909411
091400 910400
191533 191533
454205 245450
768867 877668
462262 262426
463645 654436
589250 462073
445917 445719
336832 363328
518981 609816
674691 946671
092120 220190
100654 640510
418942 248491
430323 023433
217168 216871
575211 575211
382659 682539
188102 801128
949618 419896
737146 747613
421075 247015
391767 763971
529150 887842
093173 730193
827198 289178
771514 714571
594577 957547
123616 662311
054523 053452
829978 892987
961292 692129
688012 268108
259170 257338
103003 010033
976826 867629
817112 811271
441640 440164
070710 077100
627332 322367
964578 856497
260539 620935
618746 674681
011703 011703
313285 835321
838639 988363
728228 288227
775661 656717
840335 805343
002133 230301
804156 056841
912507 570219
346207 720463
147201 721140
124407 127440
856686 586668
909548 498509
855500 005855
824719 794218
092328 382920
968699 374527
146068 146860
662537 752636
894594 844959
865474 578464
641177 711476
420050 042005
295340 920435
359910 593901
291982 198873
833471 738431
035092 209035
567166 656617
598004 500489
561037 730165
479103 397041
122570 152072
053921 059321
977585 557798
630394 439306
910343 888856
213678 862713
432833 433823
535966 356695
368103 313068
148328 838124
218252 125282
689711 869117
490339 939043
689443 498364
849088 607697
759625 956527
046088 688400
507199 790159
562359 395625
746554 765544
292698 689229
957831 598713
304377 307437
725154 147525
167030 107063
773061 510248
641095 915604
465217 621547
037898 380978
871793 873179
697052 057926
724920 429702
575118 158517
549855 585945
631825 172309
866404 606484
986239 546664
262752 262752
792461 302302
864990 909846
241094 249410
213692 123269
236042 620243
852120 228051
187334 813743
651558 518655
819328 923881
136080 186300
977059 759709
383230 233038
945591 185298
596066 956606
412323 423213
331078 087313
683811 863118
427477 277447
272072 272072
765544 547465
537444 444753
055426 640255
556580 550658
918621 821169
494657 945764
143045 440513
860844 844806
849970 308014
401219 211049
005837 136536
528568 652588
551327 125735
042487 992088
047695 407596
584958 854589
254437 254347
989763 896793
868123 681283
635722 262537
590776 970756
325763 372536
703409 493007
823636 236386
174250 215740
672192 692127
897252 229758
277965 021800
342160 420316
307045 475300
415891 911458
365847 923269
775975 597757
218426 286241
792263 679232
678596 769586
250543 045235
443564 443465
529533 523395
597144 744915
624647 264647
432923 249233
995353 335959
798317 871739
212273 272312
209077 702709
630380 083036
254090 029054
035082 835002
421568 584126
087947 807749
306260 026306
425717 517427
636983 368693
301096 091063
339343 433393
429719 249971
235330 303253
287316 826137
031766 306671
397381 783319
766106 160667
575908 095758
200934 034092
785270 027785
973069 937906
846005 400865
038555 550835
771963 376719
957119 591791
031442 204801
480800 080804
970138 801397
515071 515071
257020 502027
563381 385163
543739 493735
443483 343484
865563 635856
972910 099172
057532 507352
586292 225968
739918 783991
322435 559894
256310 216305
707668 867607
778070 087770
403160 014603
581253 321558
822184 482812
710897 717089
727507 702577
757058 807575
455921 915245
822261 216822
238197 781329
875712 257774
099739 970399
508020 082005
050238 050238
590848 884905
799413 108298
656399 356996
172672 159190
358060 836500
514984 944185
182588 714751
645054 644505
233614 332461
408273 420387
972050 005927
631017 117306
498077 784097
596930 093965
077692 072769
223193 219233
684969 864969
099260 096092
916613 369116
809345 485930
090236 600392
056099 095906
794124 142749
173449 174493
360355 530356
343984 839344
464656 664456
859010 980501
854290 984052
541768 457186
491999 949991
966101 690161
579636 957663
229386 329628
336564 463365
392318 381329
762360 418566
077359 093757
412870 801742
901941 911049
911485 514198
453422 224345
569222 226952
904284 802944
961608 691068
350541 155034
757790 757907
473435 735434
608599 989650
805649 540689
775576 657775
303763 633703
803594 403104
577066 677506
852665 586256
949670 970469
848362 683842
221701 711202
809308 080398
419977 979471
108100 080110
871608 706881
132238 281233
355482 585432
566227 601705
903985 093589
651285 561582
564806 645086
337543 743335
194335 549133
591329 527413
245711 517214
791132 139172
297360 096723
689387 869783
356553 536553
301417 573829
076551 651507
441923 214349
367670 667730
565120 612550
902789 099872
300361 603013
078935 323955
985017 580791
743905 530479
614364 646314
389016 016983
423151 241315
019112 910211
035298 283905
456049 649504
