91
41
33
87
88
20
24
47
90
69
37
100
58
35
24
94
47
61
50
92
18
93
15
69
66
20
83
61
58
53
97
36
50
61
32
99
80
22
57
27
95
50
60
53
42
99
68
21
41
48
94
75
84
44
28
19
61
94
41
77
17
98
34
69
72
64
25
19
84
74
53
63
78
57
46
91
46
42
68
23
47
92
24
54
36
100
41
66
39
60
40
53
18
183
82
200
86
30
76
173
185
129
148
78
104
101
186
70
165
192
100
34
26
42
62
25
63
63
59
15
25
63
19
29
30
86
84
28
84
54
23
21
75
15
33
73
52
70
98
29
67
30
55
91
19
91
45
196
122
151
46
59
42
96
129
153
80
123
44
34
60
155
187
173
130
73
81
115
102
154
143
156
197
158
76
56
115
160
45
73
98
117
120
189
162
153
38
73
180
77
34
162
63
78
74
85
68
34
66
23
38
56
94
40
73
90
57
84
74
48
85
82
84
93
62
56
56
37
95
71
27
36
24
26
87
100
22
15
69
72
88
53
86
39
35
84
87
38
15
79
43
37
40
85
30
24
69
31
33
22
66
61
82
53
48
67
48
92
143
59
67
185
101
44
117
159
33
109
103
190
103
65
40
124
182
105
44
63
168
61
58
91
142
77
154
129
194
81
168
137
72
138
159
59
190
67
36
43
116
50
177
169
86
35
35
29
16
54
23
48
60
43
94
93
88
29
68
79
37
19
44
74
21
48
42
17
54
47
34
79
75
70
99
61
62
97
164
56
84
63
78
144
127
175
133
61
118
112
107
95
110
185
181
143
112
54
71
83
105
157
166
107
45
63
158
122
94
135
73
196
68
116
59
166
140
135
35
108
66
162
88
106
131
187
176
112
124
137
83
114
99
127
188
64
52
158
36
90
178
171
93
196
134
77
36
39
83
87
174
100
170
40
173
52
168
158
139
198
67
116
103
79
172
50
33
169
76
75
47
106
95
79
32
45
22
95
60
58
95
94
30
100
78
93
53
22
91
35
54
77
40
74
93
88
98
67
71
55
46
36
76
94
78
93
74
80
33
93
49
65
33
51
75
28
60
63
70
25
32
74
139
33
63
33
122
166
110
64
74
80
75
81
165
73
79
192
188
31
167
165
51
196
39
99
43
193
149
200
142
123
139
198
118
95
178
59
184
82
168
143
62
87
151
115
124
156
96
63
97
93
66
193
97
173
41
94
82
138
93
180
80
183
169
144
169
43
172
51
82
62
37
39
86
148
0
