1100
15198934383
889723591476
55581107950
528411123259
850904396937
692837660384
388732811084
406864643057
107509046597
738496303637
870879993619
796471955599
610272994714
902033664740
306270540421
525395728157
506968607983
895404768779
956543121439
483021963869
29814231727
800028024697
28001643154
488412070823
494437432878
866073930019
558541573429
486841206881
585484481355
422628073891
328963074399
950039961405
955356734905
55828589659
233142884621
436839928828
722295939795
553899688145
452322607536
399189684598
870908739520
602130461618
694789854572
571507978219
289317848859
403854548289
481645670839
60288093023
994266692853
846503200963
740416469332
171672276412
246186158541
67897611294
162796955633
384873886632
969086450737
952363503826
852865170755
439919573349
468072037827
160319154885
307701066875
730173240455
948166180240
588671565642
558743014736
954801681235
700403771305
20719380987
962045431146
496309363052
691980187565
493462111361
218989937998
486900155103
640965829937
504987468024
553692608775
141998993514
339593225350
635494228501
150514576676
375020166073
426358274992
993686305190
663367391805
316030366642
758503361958
245448735405
366250190999
430876444790
641099316857
819519598802
532081334059
920638057825
421590903803
369515526151
559878923690
85406188644
952696905706
282249318697
214784949116
118822393736
807266745623
325066631739
691093160241
165694488395
281899725536
291729136378
86101227007
969927303012
588547450428
426677853523
26559678678
160759651035
204558900590
698271761232
307402789490
716875933516
70272400981
875534916409
560304453310
258776722618
54780771497
603908542347
788101451903
430573192882
353478195442
15045374914
100032882727
307985759002
148385851574
165379329586
397523866033
395090104923
32722512146
273271727727
25983763777
848005333140
200534462868
476912298488
80463876734
769832749545
266116093573
567693320345
269309431530
680222329187
649201769819
405539769725
869046791274
721440417032
90123841016
534763182892
25166220310
648093664169
813966012276
855126217215
79779304485
111490597769
353657075816
107438642117
892708021101
169062450133
898896954799
152721978365
217019060031
27896169625
531113078629
640636522939
541670828058
75271352824
182529568963
733862992602
50921249981
168972905542
976621504435
471603513469
324901991117
974052595516
550657044193
193121157660
58890824958
23172173467
600102740229
547478681971
398727669161
492386844288
58039899665
699810787787
967977919657
779892788712
852246552933
582610721483
236511738406
744808459511
572636198700
305040048837
391240507
636203278803
52358712128
305294497592
443042018244
12806768612
163169627438
121680450683
966539707959
524640002154
901146427598
901184094650
638283543254
120439975698
360866763292
393958993635
459089996286
687169732600
605070858101
898172107268
829727369806
506174764327
370925710151
677667428950
277485438330
286449457081
152797585072
273501425760
366925801146
500543423750
226226288222
761626390495
114977957053
133680264662
701076047025
349122878210
156736765178
960169842336
625851035456
796021498221
475449623702
55211174130
212188016155
809344852894
849643191793
406175806547
57910669925
677277130197
950175642518
413449716845
429205656664
775421489101
219809077193
728602343797
396079974142
564331992955
888870586725
263651051506
225693815894
408988893814
210814759348
464128222769
378368454404
107842890770
245563681026
232065620277
533796765733
688226724728
169655227913
889371620141
339465089664
184763765847
838883059816
469742434601
393852940199
615755646295
854499388864
96297043472
337079272699
288799892019
451673876943
299299742063
226334663000
310762653012
110449157357
134584673818
731171685308
533042809521
60619554476
416895592651
514999578921
561330916390
953028042237
133672422188
643371794134
633624749505
253000560413
240090588504
449274264100
82637015616
725396965085
664606746750
881148623740
597757973112
263249889142
382408658956
687952255284
168930203760
510432360543
627066866018
464264382807
135284312227
70482584170
159784023550
706576126712
72323352348
427369699670
160503210583
930694717109
869024824319
139013280086
254353112947
635190283997
867920181709
201084650004
453630331491
590788661314
284667965533
5711202759
913505068933
813632762648
158186201828
233335490673
108559945328
839855761636
760139478852
117111857039
45403069071
468965983161
105332641508
743657978717
198763953564
737816360746
974852871401
868813442269
479672733770
174656421393
76114041455
966650627864
888956072083
482540282242
678093785003
724622907164
736687362488
75559976806
20687724542
791699960432
419473057497
32100362229
676145691372
388242219509
498073444136
598453511579
351791193731
637467459482
554566882843
21370436434
322885915960
995335930779
271393806007
780489491096
175262178078
785364512968
76939258592
715453439181
351708809304
895780553133
717648589009
309731796875
245445163658
117450701974
471062977672
642080477976
931593563098
228474975323
898500287328
478408493332
580879734460
22528393116
379042812744
783586647837
469694976231
794517333070
30473394629
566733271105
240914770522
395079980606
672349427200
994206551536
126615984820
116719854201
3440462957
221943619414
166164506157
849504275738
62210855764
679123562030
882427110088
327051419524
282535089071
422884152052
4216790125
172325103073
390292773169
820576045370
829961089584
588064539154
143778977186
544538215519
371931102426
443268293707
368948293679
995426488191
288405967133
676327102665
891549840042
690387641178
769028165451
898721264848
2936329009
471927817162
821820371268
359495116390
94556771561
258432369768
368267029707
815092615730
837033765097
575814868100
75621221842
93423537838
589460994442
774119173839
157538917808
794032337647
340428783545
942457802896
165129176285
902946488287
858874563340
455007300821
949882482864
675459244748
960733005928
3259808529
136389199837
753367483620
921747616778
682081449878
168748615147
978480730752
424673587827
625071263690
745190537527
210229969857
603773753045
337735236469
961734313839
382069903462
921018074984
295326652184
966425072529
594739912785
898915660633
224768371059
764709503143
841914995401
528718091510
121089881435
245351455037
60964941039
273561420118
418723295435
845509868797
800597267590
576903898032
805633661620
31809651756
839884358316
795660958835
48000888210
87464639380
979993613571
470465674946
831366128294
274616016622
617113257565
207281409665
593101653856
287968265622
823307930431
428930359593
903765474031
9460530199
734482726303
973337360742
485962103941
850307564394
743591768124
432972155871
901974952533
673966936522
784261221250
107955001889
985607951977
333211211227
649656273079
259316878176
841673225911
491994886853
426683340391
844984518375
779843791270
719661073999
741387361813
511369175990
659115313584
859066297929
458470113056
673483908374
533810485503
329500960131
606246901431
633209981324
620688547847
687799656869
708107695235
251855739866
812205891097
335097380250
350929019449
50666879031
127684244215
1053710493
55801433400
440886001230
654802662097
857068343693
139454097966
396222937846
623056486836
531198476443
229662750987
402847879302
436921316291
891281218727
178620392758
71125323084
237481034602
583133541912
102296036906
439626561446
279518761922
624151983605
9300054800
574166749450
288317344828
638784842932
206731758538
294629077204
848330733474
319151379294
959219996738
205694116176
457661804133
59817023207
85502025507
657084638835
990772868817
668661685328
467767269361
457064685159
592191914226
72216268787
462089321661
4705395589
378272118979
213260583183
160589373528
640569943415
859593501965
921790727252
647930505191
274112864501
467161440200
393126039265
219574628865
489061610742
438515038641
716981981656
667011551477
143278822986
481748744600
13355355068
539047206966
879795061624
84539440182
212458004773
652749582804
841724891722
631393873518
645356190311
89751690481
648990155597
136373475256
388656635005
829754925094
634805378121
708847813727
506193357302
190084978858
327436884730
914175121414
259515595590
374050898084
594115975770
160568079303
460561654489
143253645046
814034252686
347600950097
760959015647
102467659269
938089714931
981810902702
683119490722
530985607299
738799674813
851932230609
937000684051
531266688459
685671229301
70376779296
529462711827
687529445378
418803809688
203321055827
61323986817
586008707988
340899826839
258058486397
776573449132
597452722832
908565975131
16507170044
634817748808
203776920027
103087314037
921772533328
816676816367
702813441018
493370925800
893050124433
306696131636
896880180695
125155842369
254331650647
387751563939
392991581059
825554382053
790943812707
502280752094
917055064093
111099230332
11158618960
969552847248
400747564967
422792616487
975470898550
829747602031
551093541320
452987576058
204052476581
618561461143
107767981377
797015590711
746374062761
677206604187
845175904448
306214217880
139703520430
200359774947
367703396989
333721723284
71254743654
439585571236
132576147685
280250455101
333885523950
778088275040
447135296698
800443471027
405590002433
737883433285
701701970438
91710087244
659236459874
161325297735
560324341632
488080538086
804089859869
578296973079
716770794370
211909281200
477078547809
553024319875
340299009520
958150906570
797677599795
806318905684
13020149619
325084083806
542018998546
135929741535
284310071421
377678871407
377757553660
78578468540
347751594968
63374064498
684787441408
908070720023
202062095530
831986655358
608261803315
500826203928
177428805622
333145896818
393835332197
524070998587
306677681171
864533322317
460977025527
344905481408
280763406621
465321767487
970189216431
269386515092
631139399107
823479560472
813750866292
36469815077
268768778105
497787752537
280372337343
630961396899
539396782263
441475713726
785384781242
860168400604
339762982350
810246258795
883550045335
666272188976
697712022072
594237375962
642956859997
613645976943
226756864708
415951424319
180435680738
113550031000
926976736619
59994086149
667592677014
426220924962
554491584612
322193964511
146651615045
590477708256
21743286066
416871803355
149533345668
310933497269
501056184384
882560390885
889950646134
836243957127
320507605067
886429226891
475660673654
984596618637
175453606785
52639566366
897672681850
887706193267
990684943784
583555729680
875492104766
157059484307
91397259506
385120581912
658666158569
504125599548
453453831037
360826822841
230252133505
120200688929
972028060604
900172788768
147074551793
982866553117
57975959464
488128052689
974598945190
600284068248
329270824148
786035637109
169399110186
262725563318
838227014211
49946743163
152541475104
366196424267
680889650970
261263645528
926385245752
422329143625
550002645341
270028673134
526739381166
434207414749
491968426792
101167783902
82766829981
44701763171
826846295021
300941088243
658653269030
14167955368
731258622918
395298616641
808081601249
305467825334
970179312925
887912197865
461406690540
208364169722
731400634107
258004108941
953889313918
641850740101
501233152945
686533036631
275113419070
967045127630
888697557887
439252466254
347423077097
857219360412
790104938703
510777274030
560940141145
730397377196
476807837996
345146969687
777970415668
177805981784
366984454488
974292999550
144860227993
877284678359
730656933700
857252585341
760667092094
470417893323
417700183572
312793425799
440016401510
906405034821
640600342713
941093261924
938780295142
513287077873
71238266610
690542800434
609281317558
926635427117
966840609935
326777775466
278560724354
778474113070
299364489075
421379921905
326218564876
766306635063
963085180871
645023452927
798907239629
545879827201
964609404207
56143114599
949002248324
503827137783
37272200674
590213951365
663727800131
917762746557
647496196770
20824943542
89630977669
130205992173
778877452714
893955454092
645703410947
813074188971
656580887627
522981554373
117617819758
560233585325
833586252126
94719367577
615009806414
718468931372
129338068813
846367386846
865831803883
754343566689
818983732552
565919154626
686685948347
265923219752
609324164159
249967667956
288460104783
307516658645
937995843773
982888429920
59541112021
359619370511
421225560236
748152463947
541603228916
360240114871
156608042386
167512224511
272409022779
560743930505
884391959806
6240293522
304191514447
245401780777
858644823077
30217413429
326127005565
47255359593
115260129438
478691976459
495819092169
886618804360
644522442536
977099153125
748990737375
332978226606
102918492301
651246164065
281694161920
413286367924
407134404542
442391833367
996377124118
138395837119
489600964642
2024215365
839890978784
453402687119
1094395569
508213058626
270168240133
134251935051
844058154476
333567178616
298283853053
178766017265
196382214513
876975506298
145636980313
252817105124
437164812984
810270369893
563260645808
324494482358
24304599999
472256688282
274387188178
405598973192
182241763116
595826298224
290504041946
303229221736
309532568735
264115187154
530926202627
83275506133
628215020914
16720738912
510306852270
417960238155
703776686110
312940523549
328804069691
498625856533
784142446956
252839343868
534691588866
788088388645
898466445496
739580826980
825573113513
107692554103
440207949819
137478226572
44666888480
165154136572
265182586401
328866966364
233124902276
40101550005
393602459014
350400165590
100745983112
511418875353
343234152016
695806295028
279671678990
50644907238
798982056121
275920693497
971827514276
649487316877
876002423164
450223120279
72171857990
234916180298
851354825279
100148521556
428850028911
573255088320
273027556437
666262395560
98556347795
740308039104
25805126367
565162340303
402086567610
707593428072
546579452996
537157610616
624240228976
490902359466
657374257948
824107080618
97671686700
557950375127
690535353180
658834728510
725344671233
230137328207
354640507434
894853772431
186432515111
554623922357
951943729685
560234561687
550962567458
150696173694
387258180098
368006914905
78591207982
771393722722
959894634478
515374315667
48707931806
342696324283
685149353500
641874874011
730341560898
279830637336
177245043269
485429577687
824306406188
312371746303
249819333705
869488399645
128310489358
954046803848
711702931811
22316862797
50082810037
362055022965
886147525688
6879711028
