666
8 9 12 25 31 3 20 11 2
3 5 8 11
4 30 15 24 3
6 14 6 20 11 19 11
8 22 22 23 11 4 27 19 26
2 2 14
6 22 13 22 15 20 10
4 28 13 26 7
1 24
5 16 28 17 7 13
7 17 5 26 6 3 6 28
3 5 3 2
1 2
8 15 27 28 26 27 23 6 7
2 2 14
6 25 23 11 16 3 6
7 3 10 23 28 8 24 2
8 23 12 8 9 25 11 20 3
10 3 17 4 31 18 30 19 8 11 2
1 9
6 8 8 7 28 12 9
4 30 10 15 26
10 3 10 7 7 29 31 21 9 24 20
2 5 15
3 20 22 29
8 22 5 2 15 30 3 18 23
10 30 17 8 2 31 5 14 2 31 7
7 16 8 5 28 17 11 10
3 25 5 20
9 8 27 7 13 7 9 16 6 2
7 29 12 4 10 12 18 31
8 26 4 3 5 27 12 15 20
9 11 24 25 4 30 9 6 13 3
6 20 9 23 9 24 3
8 9 28 14 22 25 4 7 13
4 20 20 5 12
9 23 10 19 28 5 26 9 24 6
2 18 4
7 15 31 19 25 18 26 11
8 22 19 6 23 27 10 30 3
6 31 29 27 25 28 2
2 17 11
7 26 13 3 22 6 8 13
3 5 13 22
1 7
8 27 18 15 23 8 12 3 9
1 12
2 26 26
3 10 26 29
3 15 24 14
3 21 2 14
4 21 16 29 16
6 20 17 8 8 25 25
5 28 29 14 10 22
7 19 17 9 9 12 24 14
8 18 22 16 13 15 16 22 20
9 22 10 9 27 5 7 31 21 18
7 18 15 18 12 5 4 9
9 5 8 26 27 6 6 28 25 11
2 23 21
6 3 11 13 17 25 26
1 11
6 25 31 19 24 18 22
10 24 23 25 4 22 3 6 24 26 26
4 6 10 21 13
2 11 29
8 27 13 21 6 22 28 25 25
5 7 13 27 23 2
5 6 27 28 31 8
10 12 17 31 13 21 21 30 5 9 12
8 25 6 22 28 29 26 8 6
3 10 10 15
6 8 6 18 26 13 28
3 31 12 15
4 19 6 5 29
2 8 19
5 7 21 3 13 7
8 19 23 16 27 7 7 8 24
5 31 28 25 18 18
9 31 19 29 3 28 18 2 21 6
1 28
7 15 19 29 24 12 18 14
10 14 6 12 15 4 30 16 9 11 26
3 11 18 5
3 21 4 26
6 15 9 29 23 24 9
5 5 4 8 8 27
9 19 11 23 2 13 21 7 14 23
6 6 12 2 8 13 26
10 21 10 4 5 6 11 8 14 8 28
6 22 5 14 17 15 27
6 23 21 30 10 23 7
4 4 16 5 24
6 22 7 18 11 22 31
5 10 3 10 14 16
2 24 23
10 6 21 26 4 7 22 6 15 4 30
4 11 29 4 9
10 7 18 31 28 20 10 27 14 20 26
10 10 20 15 2 2 19 24 4 10 25
7 25 24 28 7 4 19 5
4 25 3 2 22
1 16
8 23 10 30 23 22 16 16 2
10 14 9 16 16 3 11 12 5 4 10
9 3 5 25 9 13 9 27 26 27
2 18 22
3 9 5 5
4 6 23 15 14
1 9
1 4
9 12 13 28 16 7 21 30 25 11
3 20 20 26
7 20 28 26 5 20 9 7
7 17 4 2 24 20 13 16
7 4 24 10 28 19 20 19
3 28 29 15
2 16 14
7 10 21 15 25 7 15 29
2 31 3
7 30 18 12 24 22 29 7
5 7 13 20 8 8
8 3 10 30 27 17 22 11 28
2 15 26
3 23 16 6
6 27 29 6 8 31 7
3 5 26 10
7 10 4 29 31 30 2 23
9 11 2 19 15 8 15 14 5 18
9 20 7 16 24 28 29 2 9 30
3 7 13 6
3 7 29 10
2 21 2
9 11 18 8 13 31 4 5 29 3
9 19 17 27 8 9 19 18 7 24
5 25 22 11 26 17
9 27 26 7 16 30 21 30 24 15
3 22 17 7
2 21 18
3 24 28 18
3 5 26 12
10 18 25 16 30 30 19 16 30 4 26
9 28 31 22 28 3 26 17 16 12
9 21 5 17 20 12 4 3 31 12
9 21 20 26 13 29 8 10 12 2
3 12 14 27
7 20 21 6 11 24 14 17
9 22 19 9 30 16 14 12 9 31
5 27 17 31 10 2
9 10 30 26 11 8 2 8 9 9
1 10
4 15 9 9 14
3 6 9 6
6 5 23 3 24 26 2
10 31 10 23 24 31 4 27 8 29 30
2 3 31
4 28 12 10 24
4 22 9 13 19
6 25 26 15 27 8 8
1 29
1 31
3 2 15 4
10 22 29 13 19 28 29 10 6 16 13
3 5 23 2
7 10 14 30 28 8 19 16
4 20 8 13 5
3 4 14 9
2 8 28
3 4 12 14
10 25 18 7 8 21 18 29 16 18 23
9 6 20 20 27 7 12 21 23 4
6 30 18 23 11 16 12
7 23 4 16 6 3 31 16
3 4 31 29
4 21 21 11 27
5 4 23 8 13 26
7 2 16 5 23 19 25 21
10 22 6 27 28 24 5 24 16 29 14
3 3 2 27
6 4 13 15 16 18 30
1 14
5 15 5 10 8 21
6 19 14 10 16 3 5
1 26
3 12 15 13
9 19 6 20 28 5 8 3 30 14
7 16 2 17 25 28 2 31
6 27 10 15 21 15 23
5 19 11 12 27 12
7 10 10 4 3 12 4 13
4 3 13 8 8
2 23 29
7 4 20 24 28 15 8 27
1 16
6 25 22 6 12 4 19
3 4 26 13
8 16 12 7 27 4 23 24 9
9 3 3 21 29 29 13 21 29 30
6 24 25 13 6 13 21
8 20 22 31 13 15 29 28 6
3 3 18 12
9 6 22 3 26 9 21 12 24 11
3 2 13 23
2 13 24
3 23 13 21
4 22 11 22 6
1 29
5 23 2 5 5 30
8 27 6 13 10 22 30 4 11
4 26 29 17 17
9 17 6 17 9 10 11 31 6 18
5 22 15 6 21 23
2 5 13
3 29 14 3
3 11 9 27
10 6 28 6 15 5 5 2 15 10 15
8 13 26 28 20 9 31 3 29
6 10 27 22 29 14 5
6 31 2 7 13 25 3
4 15 13 5 11
5 24 11 19 11 20
5 28 21 14 22 7
3 12 29 22
6 28 8 16 7 20 2
5 31 10 13 6 12
3 15 27 15
6 5 17 12 5 4 7
5 20 16 25 6 11
3 31 7 15
5 28 10 17 13 4
10 31 13 23 13 26 28 25 22 17 23
1 16
1 2
1 29
4 15 29 3 9
1 5
9 16 5 9 14 20 27 9 8 5
1 16
1 13
4 24 19 28 17
7 5 25 22 31 29 7 14
1 9
2 26 2
1 31
3 12 15 27
10 29 27 3 4 26 3 30 7 17 5
9 23 2 16 15 8 17 28 13 17
4 14 7 20 26
9 17 27 6 17 18 19 12 19 16
3 27 14 18
3 16 15 5
10 5 9 14 10 13 27 10 26 10 25
5 29 14 31 20 3
8 28 14 30 12 6 25 18 24
4 21 7 10 5
7 9 27 22 16 30 21 25
10 30 2 22 14 3 17 16 17 24 12
2 10 10
10 26 13 9 21 11 31 8 18 14 3
3 5 12 20
1 21
6 28 18 14 10 8 21
10 15 5 25 24 4 13 24 21 6 8
7 12 3 3 20 20 8 6
7 5 9 24 6 6 3 8
10 10 17 23 21 17 9 28 27 14 17
2 4 4
4 15 31 21 18
4 13 14 15 18
6 21 12 7 10 5 28
5 10 26 27 14 24
10 28 3 27 10 4 29 17 31 28 10
2 24 14
1 27
9 17 23 18 24 8 26 17 23 21
4 22 26 20 24
2 30 7
4 27 11 13 5
3 27 26 5
9 17 12 19 8 8 16 12 21 31
5 12 6 7 31 5
6 3 17 16 30 23 22
10 13 25 25 21 31 13 25 27 5 9
4 16 17 4 6
1 16
2 7 27
3 31 17 5
2 29 22
10 27 18 15 21 30 15 30 2 9 4
2 12 10
9 15 15 27 4 25 8 11 14 31
2 19 31
8 5 26 16 10 23 22 16 26
5 7 23 9 27 24
7 4 24 17 2 25 14 17
8 13 12 2 16 23 9 5 3
6 29 29 28 21 14 2
4 28 21 16 13
10 12 4 19 15 25 22 3 23 10 28
5 31 6 3 21 26
5 28 4 30 31 11
3 24 13 26
3 17 17 12
9 13 4 30 4 13 7 23 25 26
4 4 9 13 10
9 20 10 14 6 19 29 30 24 6
1 22
10 15 22 4 8 14 20 10 18 3 12
3 29 24 18
1 30
10 4 13 16 26 11 9 25 17 12 8
3 12 8 18
1 15
2 2 5
7 26 28 30 31 4 7 9
7 6 18 15 11 7 10 31
10 19 5 18 15 29 16 6 23 27 12
8 9 9 27 22 18 26 3 20
5 31 10 2 4 27
4 20 4 17 23
10 5 24 9 8 7 9 28 24 29 28
6 29 2 15 18 16 21
8 15 8 28 15 8 21 21 6
7 17 11 28 2 24 31 16
1 23
1 12
7 31 28 16 18 21 14 7
4 30 24 9 2
8 3 15 20 26 4 3 19 6
8 12 15 24 28 24 27 28 29
2 6 7
8 7 28 11 24 28 26 9 30
8 17 18 15 30 23 10 19 23
3 17 17 27
9 24 30 29 22 10 17 26 18 5
9 28 26 15 3 27 19 14 15 26
2 7 28
4 19 8 16 7
9 2 2 8 31 19 16 4 17 30
1 20
10 28 21 25 23 5 14 24 5 25 2
6 12 26 3 9 12 18
3 29 2 20
8 13 15 3 27 12 20 17 23
5 14 29 9 12 13
5 14 5 22 17 5
2 29 22
8 6 30 28 23 5 10 27 7
10 23 18 19 26 10 9 29 12 30 5
7 18 15 9 17 26 30 17
10 2 27 25 19 17 13 14 4 18 21
7 31 15 4 30 30 25 14
3 5 20 4
4 29 25 26 20
4 29 11 3 17
7 30 9 7 19 4 6 23
8 2 10 29 14 18 6 29 5
6 20 22 29 15 9 30
5 15 25 28 8 20
10 10 18 27 6 10 29 10 21 19 5
5 23 21 25 13 5
3 25 18 10
4 8 10 11 6
3 7 30 15
10 4 20 18 6 22 12 15 4 6 31
4 18 16 16 6
9 9 31 24 4 3 19 13 15 28
2 9 15
8 13 24 4 8 29 6 6 5
8 3 18 14 14 2 23 9 14
9 17 27 9 29 20 31 17 18 15
10 8 10 9 15 6 21 26 5 12 30
9 5 6 7 28 28 15 3 7 4
2 2 30
1 25
9 18 18 26 4 25 24 12 6 19
7 22 7 12 16 10 27 3
4 16 19 29 5
9 3 18 10 15 2 27 31 8 28
10 26 25 8 16 26 7 16 27 2 6
9 2 13 17 2 15 11 31 25 13
4 4 30 10 23
10 21 26 20 3 28 16 15 31 25 18
3 13 16 2
8 22 8 3 5 10 25 31 30
4 31 31 26 5
3 27 13 29
10 19 22 9 8 9 27 9 14 22 10
1 24
3 23 2 24
2 14 7
9 27 10 10 26 17 13 18 18 10
8 17 30 18 13 13 25 7 30
6 17 28 30 17 29 2
1 3
2 18 21
9 14 3 28 26 15 9 24 7 13
4 18 27 29 17
6 26 17 19 21 20 24
4 22 11 3 24
5 30 2 27 19 27
6 9 15 30 19 18 25
1 5
4 23 14 27 15
10 8 17 26 17 21 3 9 13 19 19
10 7 30 17 6 26 11 10 21 26 30
7 29 9 3 11 29 26 5
8 28 9 20 31 22 29 23 5
9 29 28 13 29 27 10 14 7 25
9 10 30 6 3 22 2 14 6 28
2 19 4
1 14
8 3 8 13 6 19 13 27 19
9 5 6 5 17 21 21 10 8 6
10 13 15 26 4 25 29 12 27 6 5
3 15 19 23
3 20 18 15
9 3 10 30 21 29 28 25 30 25
8 20 16 2 14 2 30 16 18
2 14 7
7 25 5 29 27 24 22 19
4 4 10 16 28
6 15 14 9 11 22 16
8 28 6 12 7 29 10 2 13
5 19 30 11 5 7
8 17 23 13 29 21 2 13 12
2 7 23
3 18 23 5
1 24
2 3 17
9 28 18 20 24 17 28 6 24 21
1 6
2 29 13
7 19 22 22 24 31 31 26
10 7 23 22 24 25 2 22 17 4 11
5 3 26 2 30 14
5 20 29 19 23 25
7 25 24 20 15 19 19 3
1 27
1 20
2 2 18
10 14 24 14 25 30 22 28 12 11 3
4 17 12 19 26
10 17 22 6 27 23 25 2 9 14 5
7 29 22 16 23 18 24 3
2 8 21
1 16
3 15 28 29
3 31 4 29
7 18 30 30 15 30 24 2
8 16 3 9 10 8 4 20 30
10 31 19 31 11 19 19 18 26 30 10
4 9 31 23 17
9 16 22 10 25 21 25 13 23 28
5 21 7 24 12 24
7 24 22 18 14 3 10 2
10 2 6 22 24 25 16 26 14 28 25
10 31 7 17 26 15 18 15 14 15 7
4 23 26 24 7
10 2 27 12 19 25 13 5 31 10 9
10 6 15 9 19 30 22 2 13 9 20
10 21 11 27 7 29 13 5 29 25 16
1 7
1 20
10 3 22 25 28 23 12 4 31 6 10
2 17 27
7 13 8 29 19 2 30 8
4 3 14 12 22
3 28 10 20
9 31 15 12 30 16 27 3 25 14
2 17 27
4 14 27 29 18
3 27 26 25
3 31 17 20
5 26 3 4 5 16
5 2 5 4 14 30
2 27 31
9 10 31 5 12 3 4 18 3 20
8 24 6 16 7 25 6 15 3
10 6 4 4 19 2 24 26 5 19 27
7 14 7 30 9 6 12 6
4 4 21 12 11
2 10 7
3 4 10 17
4 11 16 2 6
7 20 25 30 5 17 14 23
2 30 21
9 21 28 24 9 31 16 13 7 2
7 6 14 7 21 9 22 29
1 25
7 16 22 22 20 7 2 7
7 24 9 24 19 19 29 31
4 28 2 24 11
9 4 20 30 17 28 31 20 24 28
9 6 29 11 27 8 14 14 9 27
4 19 14 20 29
10 26 11 7 31 27 2 17 24 27 7
8 5 4 14 21 14 25 21 2
8 30 18 23 7 8 6 21 22
10 15 17 29 30 16 12 10 15 22 5
7 18 3 6 7 29 13 8
3 27 20 29
1 13
8 27 2 9 26 23 27 15 14
10 6 28 16 6 9 21 26 25 24 3
2 5 11
6 28 12 8 6 18 21
9 18 30 8 11 19 25 16 25 31
10 24 28 16 30 16 27 16 24 5 10
7 31 15 3 31 9 6 3
7 18 31 21 5 5 24 18
3 14 16 26
3 20 5 27
6 5 4 25 15 5 29
9 27 30 26 4 8 4 19 9 20
5 7 18 20 15 21
7 29 16 15 29 29 28 17
3 19 27 26
7 13 31 3 6 21 24 8
2 31 14
2 10 31
10 9 8 3 18 13 29 29 2 24 21
1 10
10 9 16 4 24 8 22 20 14 5 18
8 12 5 15 14 29 5 2 16
2 30 28
7 12 31 31 8 15 9 23
3 29 3 27
2 26 3
6 23 4 10 3 16 18
6 16 23 5 16 27 9
6 18 12 19 9 11 11
5 27 8 10 12 12
3 22 26 9
8 31 27 18 23 31 31 25 19
5 22 6 20 9 28
2 29 15
5 5 17 19 7 30
5 30 2 19 23 8
10 15 31 8 15 9 12 8 30 3 30
2 10 16
4 21 2 18 21
4 9 13 6 27
9 31 16 28 14 21 16 24 18 8
7 2 25 26 6 2 29 8
8 28 12 4 22 11 22 19 16
5 2 15 14 6 13
10 20 30 10 19 6 12 23 8 3 20
5 10 23 22 12 3
1 21
2 28 23
6 20 22 20 14 24 6
10 3 22 3 13 28 4 25 4 19 7
4 12 31 4 13
6 12 13 14 6 7 7
1 29
7 23 22 3 15 15 21 20
6 7 10 10 13 2 18
10 4 24 17 14 3 14 29 7 5 29
10 19 4 31 8 7 10 18 24 27 31
10 27 31 28 6 29 24 2 21 11 2
2 14 18
6 22 21 8 10 31 27
9 18 29 14 28 16 11 22 13 23
9 4 14 8 14 20 4 5 10 4
8 23 19 30 2 29 18 29 25
10 25 31 11 26 19 3 15 5 24 8
8 27 17 27 27 3 20 6 12
3 2 20 16
7 16 23 26 30 6 20 7
2 6 14
6 29 4 27 26 28 9
4 6 11 6 10
10 12 7 31 27 5 12 24 13 3 27
8 18 11 30 7 3 28 26 13
1 4
9 5 19 8 24 19 28 24 6 25
3 7 29 25
7 20 24 16 6 23 29 6
4 15 26 25 31
6 18 10 23 10 11 28
4 17 26 12 14
8 3 22 11 20 26 17 27 9
3 24 25 17
10 4 8 23 20 3 7 28 14 19 15
5 31 10 22 12 12
2 29 4
10 2 20 31 6 6 19 5 5 3 27
10 22 23 22 10 27 8 11 10 22 11
4 26 15 5 15
1 24
9 19 7 6 14 2 19 23 12 25
8 31 9 6 20 7 23 8 30
1 9
5 30 19 17 25 27
4 12 23 22 20
2 21 31
1 31
8 16 12 6 31 17 27 28 24
2 13 6
4 23 7 14 10
4 10 24 17 4
3 26 4 29
5 13 16 25 6 12
10 16 8 28 28 20 31 12 9 18 14
1 20
2 26 19
3 12 23 14
8 13 7 8 23 26 17 7 24
7 13 10 7 30 20 15 6
8 27 16 7 23 20 9 17 2
3 21 5 12
8 3 9 8 11 29 21 13 10
9 18 13 5 13 16 15 9 20 4
4 29 30 27 7
4 9 6 22 17
9 31 26 8 4 23 17 25 4 7
8 28 16 23 6 25 29 31 31
4 25 22 8 4
1 11
3 16 26 27
8 8 18 13 18 5 9 7 18
4 4 29 9 26
1 14
2 4 9
5 30 28 30 26 4
1 19
1 27
7 3 22 18 12 9 19 21
6 21 11 17 9 27 20
5 15 5 25 30 12
2 15 27
2 30 27
4 18 25 22 9
6 7 22 16 31 21 4
9 20 27 31 8 22 25 27 5 5
8 7 21 24 5 11 7 26 6
5 17 6 22 23 27
5 17 24 9 3 31
5 10 13 8 16 4
5 8 24 17 9 29
8 6 7 28 21 10 17 7 27
1 29
10 26 26 25 7 9 4 18 13 4 30
9 5 25 25 28 26 14 29 2 11
8 20 6 11 11 2 3 6 9
6 29 8 27 7 4 15
8 28 9 3 30 28 24 24 31
8 17 12 11 3 30 10 9 19
4 30 25 14 22
9 31 24 31 28 24 2 6 27 13
5 8 11 24 27 27
7 8 20 17 22 6 7 26
3 11 14 7
6 4 18 26 4 28 8
10 9 17 10 26 31 29 12 12 30 18
9 19 31 4 22 30 10 12 29 8
7 6 9 17 11 27 19 27
3 25 23 14
7 9 19 7 11 10 24 10
7 17 31 28 27 22 31 23
7 24 18 18 5 25 19 23
4 11 9 6 13
3 24 19 13
10 24 6 4 26 20 3 21 22 24 22
8 10 13 9 10 11 30 9 12
